Title,Main Link,Sub Link,Status
"Arguing with Digital History working group, “Digital History and Argument,” white paper",https://rrchnm.org/essays/arguing-with-digital-history-working-group-digital-history-and-argument-white-paper/,https://rrchnm.org/portfolio-item/digital-history-argument-white-paper/,working
Helping Students Make History: Community Engaged Learning,https://rrchnm.org/essays/helping-students-make-history-community-engaged-learning/,https://public-history-weekly.degruyter.com/5-2017-20/students-history-community-engaged-learning/,status code: 403
Helping Students Make History: Community Engaged Learning,https://rrchnm.org/essays/helping-students-make-history-community-engaged-learning/,https://rrchnm.org/essays/helping-students-make-history-community-engaged-learning/#ref1,working
Helping Students Make History: Community Engaged Learning,https://rrchnm.org/essays/helping-students-make-history-community-engaged-learning/,https://rrchnm.org/essays/helping-students-make-history-community-engaged-learning/#ref2,working
Helping Students Make History: Community Engaged Learning,https://rrchnm.org/essays/helping-students-make-history-community-engaged-learning/,https://rrchnm.org/essays/helping-students-make-history-community-engaged-learning/#ref3,working
Helping Students Make History: Community Engaged Learning,https://rrchnm.org/essays/helping-students-make-history-community-engaged-learning/,https://rrchnm.org/essays/helping-students-make-history-community-engaged-learning/#ref4,working
Helping Students Make History: Community Engaged Learning,https://rrchnm.org/essays/helping-students-make-history-community-engaged-learning/,https://rrchnm.org/essays/helping-students-make-history-community-engaged-learning/#ref5,working
Helping Students Make History: Community Engaged Learning,https://rrchnm.org/essays/helping-students-make-history-community-engaged-learning/,https://rrchnm.org/essays/helping-students-make-history-community-engaged-learning/#ref6,working
Helping Students Make History: Community Engaged Learning,https://rrchnm.org/essays/helping-students-make-history-community-engaged-learning/,http://neworleanshistorical.org/,working
Helping Students Make History: Community Engaged Learning,https://rrchnm.org/essays/helping-students-make-history-community-engaged-learning/,http://jasonheppler.org/jasonheppler/2016/08/26/syllabus-for-teaching-digital-public-history/,status code: 404
Helping Students Make History: Community Engaged Learning,https://rrchnm.org/essays/helping-students-make-history-community-engaged-learning/,https://rrchnm.org/essays/helping-students-make-history-community-engaged-learning/#ftn1,working
Helping Students Make History: Community Engaged Learning,https://rrchnm.org/essays/helping-students-make-history-community-engaged-learning/,http://www.uno.edu/campus-news/2016/UNO-to-Hold-First-Michael-Mizell-Nelson-Public-History-Lecture.aspx,status code: 404
Helping Students Make History: Community Engaged Learning,https://rrchnm.org/essays/helping-students-make-history-community-engaged-learning/,https://rrchnm.org/essays/helping-students-make-history-community-engaged-learning/#ftn2,working
Helping Students Make History: Community Engaged Learning,https://rrchnm.org/essays/helping-students-make-history-community-engaged-learning/,http://neworleanshistorical.org/,working
Helping Students Make History: Community Engaged Learning,https://rrchnm.org/essays/helping-students-make-history-community-engaged-learning/,https://www.poboyfest.com/,working
Helping Students Make History: Community Engaged Learning,https://rrchnm.org/essays/helping-students-make-history-community-engaged-learning/,http://www.loyno.edu/streetcarstories/,status code: 404
Helping Students Make History: Community Engaged Learning,https://rrchnm.org/essays/helping-students-make-history-community-engaged-learning/,https://rrchnm.org/essays/helping-students-make-history-community-engaged-learning/#ftn3,working
Helping Students Make History: Community Engaged Learning,https://rrchnm.org/essays/helping-students-make-history-community-engaged-learning/,https://rrchnm.org/essays/helping-students-make-history-community-engaged-learning/#ftn4,working
Helping Students Make History: Community Engaged Learning,https://rrchnm.org/essays/helping-students-make-history-community-engaged-learning/,http://dx.doi.org/10.3998/dh.12146032.0001.001,working
Helping Students Make History: Community Engaged Learning,https://rrchnm.org/essays/helping-students-make-history-community-engaged-learning/,https://rrchnm.org/essays/helping-students-make-history-community-engaged-learning/#ftn5,working
Helping Students Make History: Community Engaged Learning,https://rrchnm.org/essays/helping-students-make-history-community-engaged-learning/,https://www.nps.gov/nr/publications/bulletins/nrb41/nrb41_5.htm,status code: 404
Helping Students Make History: Community Engaged Learning,https://rrchnm.org/essays/helping-students-make-history-community-engaged-learning/,https://rrchnm.org/essays/helping-students-make-history-community-engaged-learning/#ftn6,working
Helping Students Make History: Community Engaged Learning,https://rrchnm.org/essays/helping-students-make-history-community-engaged-learning/,http://edwired.org/2015/06/19/does-playfulness-crowd-out-rigor/,status code: 404
Scholars as Students: Introductory Digital History Training for Mid-Career Historians,https://rrchnm.org/essays/scholars-as-students-introductory-digital-history-training-for-mid-career-historians/,https://web.archive.org/web/20220629185548/http://hdl.handle.net/1920/9825,working
Why Collecting History Online is Web 1.5,https://rrchnm.org/essays/why-collecting-history-online-is-web-1-5/,https://web.archive.org/web/20220703112141/https://rrchnm.org/essay/why-collecting-history-online-is-web-1-5/#1,working
Why Collecting History Online is Web 1.5,https://rrchnm.org/essays/why-collecting-history-online-is-web-1-5/,https://web.archive.org/web/20220703112141/http://blackout.gmu.edu/,working
Why Collecting History Online is Web 1.5,https://rrchnm.org/essays/why-collecting-history-online-is-web-1-5/,https://web.archive.org/web/20220703112141/http://echo.gmu.edu/,working
Why Collecting History Online is Web 1.5,https://rrchnm.org/essays/why-collecting-history-online-is-web-1-5/,https://web.archive.org/web/20220703112141/http://911digitalarchive.org/,working
Why Collecting History Online is Web 1.5,https://rrchnm.org/essays/why-collecting-history-online-is-web-1-5/,https://web.archive.org/web/20220703112141/https://rrchnm.org/essay/why-collecting-history-online-is-web-1-5/#2,working
Why Collecting History Online is Web 1.5,https://rrchnm.org/essays/why-collecting-history-online-is-web-1-5/,https://web.archive.org/web/20220703112141/http://hurricanearchive.org/,working
Why Collecting History Online is Web 1.5,https://rrchnm.org/essays/why-collecting-history-online-is-web-1-5/,https://web.archive.org/web/20220703112141/http://maps.google.com/,working
Why Collecting History Online is Web 1.5,https://rrchnm.org/essays/why-collecting-history-online-is-web-1-5/,https://web.archive.org/web/20220703112141/http://http//www.w3.org/,status code: 404
Why Collecting History Online is Web 1.5,https://rrchnm.org/essays/why-collecting-history-online-is-web-1-5/,https://web.archive.org/web/20220703112141/http://skype.com/,working
Why Collecting History Online is Web 1.5,https://rrchnm.org/essays/why-collecting-history-online-is-web-1-5/,https://web.archive.org/web/20220703112141/https://rrchnm.org/essay/why-collecting-history-online-is-web-1-5/#3,working
Why Collecting History Online is Web 1.5,https://rrchnm.org/essays/why-collecting-history-online-is-web-1-5/,https://web.archive.org/web/20220703112141/https://rrchnm.org/essay/why-collecting-history-online-is-web-1-5/#4,working
Why Collecting History Online is Web 1.5,https://rrchnm.org/essays/why-collecting-history-online-is-web-1-5/,https://web.archive.org/web/20220703112141/https://rrchnm.org/essay/why-collecting-history-online-is-web-1-5/#5,working
Why Collecting History Online is Web 1.5,https://rrchnm.org/essays/why-collecting-history-online-is-web-1-5/,https://web.archive.org/web/20220703112141/https://rrchnm.org/essay/why-collecting-history-online-is-web-1-5/#6,working
Why Collecting History Online is Web 1.5,https://rrchnm.org/essays/why-collecting-history-online-is-web-1-5/,https://web.archive.org/web/20220703112141/https://rrchnm.org/essay/why-collecting-history-online-is-web-1-5/#7,working
Why Collecting History Online is Web 1.5,https://rrchnm.org/essays/why-collecting-history-online-is-web-1-5/,https://web.archive.org/web/20220703112141/http://flickr.com/,working
Why Collecting History Online is Web 1.5,https://rrchnm.org/essays/why-collecting-history-online-is-web-1-5/,https://web.archive.org/web/20220703112141/http://www.oreillynet.com/pub/a/oreilly/tim/news/2005/09/30/what-is-web-20.html,working
Why Collecting History Online is Web 1.5,https://rrchnm.org/essays/why-collecting-history-online-is-web-1-5/,https://web.archive.org/web/20220703112141/http://www.uic.edu/htbin/cgiwrap/bin/ojs/index.php/fm/article/viewArticle/2125/1972,status code: 404
Why Collecting History Online is Web 1.5,https://rrchnm.org/essays/why-collecting-history-online-is-web-1-5/,https://web.archive.org/web/20220703112141/https://rrchnm.org/essay/why-collecting-history-online-is-web-1-5/#2-a,working
Why Collecting History Online is Web 1.5,https://rrchnm.org/essays/why-collecting-history-online-is-web-1-5/,https://web.archive.org/web/20220703112141/http://chnm.gmu.edu/digitalhistory/,working
Why Collecting History Online is Web 1.5,https://rrchnm.org/essays/why-collecting-history-online-is-web-1-5/,https://web.archive.org/web/20220703112141/https://rrchnm.org/essay/why-collecting-history-online-is-web-1-5/#3-a,working
Why Collecting History Online is Web 1.5,https://rrchnm.org/essays/why-collecting-history-online-is-web-1-5/,https://web.archive.org/web/20220703112141/https://rrchnm.org/essay/why-collecting-history-online-is-web-1-5/#4-a,working
Why Collecting History Online is Web 1.5,https://rrchnm.org/essays/why-collecting-history-online-is-web-1-5/,https://web.archive.org/web/20220703112141/http://dublincore.org/,working
Why Collecting History Online is Web 1.5,https://rrchnm.org/essays/why-collecting-history-online-is-web-1-5/,https://web.archive.org/web/20220703112141/http://omeka.org/,working
Why Collecting History Online is Web 1.5,https://rrchnm.org/essays/why-collecting-history-online-is-web-1-5/,https://web.archive.org/web/20220703112141/https://rrchnm.org/essay/why-collecting-history-online-is-web-1-5/#5-a,working
Why Collecting History Online is Web 1.5,https://rrchnm.org/essays/why-collecting-history-online-is-web-1-5/,https://web.archive.org/web/20220703112141/http://recaptcha.net/,status code: 404
Why Collecting History Online is Web 1.5,https://rrchnm.org/essays/why-collecting-history-online-is-web-1-5/,https://web.archive.org/web/20220703112141/https://rrchnm.org/essay/why-collecting-history-online-is-web-1-5/#6-a,working
Why Collecting History Online is Web 1.5,https://rrchnm.org/essays/why-collecting-history-online-is-web-1-5/,https://web.archive.org/web/20220703112141/https://rrchnm.org/essay/why-collecting-history-online-is-web-1-5/#7-a,working
Why Collecting History Online is Web 1.5,https://rrchnm.org/essays/why-collecting-history-online-is-web-1-5/,https://web.archive.org/web/20220703112141/http://www.flickr.com/commons,working
Why Collecting History Online is Web 1.5,https://rrchnm.org/essays/why-collecting-history-online-is-web-1-5/,https://web.archive.org/web/20220703112141/http://www.powerhousemuseum.com/collection/database/,status code: 404
An Introduction to U.S. History Research Online,https://rrchnm.org/essays/an-introduction-to-u-s-history-research-online/,https://web.archive.org/web/20220629184339/http://chnm.gmu.edu/resources/essays/files/history_matters_intro.pdf,"error: HTTPSConnectionPool(host='web.archive.org', port=443): Max retries exceeded with url: /web/20220629184339/http://chnm.gmu.edu/resources/essays/files/history_matters_intro.pdf (Caused by NewConnectionError('<urllib3.connection.HTTPSConnection object at 0x0000026D6C541A10>: Failed to establish a new connection: [WinError 10061] No connection could be made because the target machine actively refused it'))"
An Introduction to World History Research Online,https://rrchnm.org/essays/an-introduction-to-world-history-research-online/,https://web.archive.org/web/20220629193559/http://chnm.gmu.edu/resources/essays/files/world_history_matters_intro.pdf,working
Sending Your Courses into the Blogosphere: An Introduction for “Old People”,https://rrchnm.org/essays/sending-your-courses-into-the-blogosphere-an-introduction-for-old-people/,https://web.archive.org/web/20220629201441/http://eastethnia.blogspot.com/,working
Sending Your Courses into the Blogosphere: An Introduction for “Old People”,https://rrchnm.org/essays/sending-your-courses-into-the-blogosphere-an-introduction-for-old-people/,https://web.archive.org/web/20220629201441/http://technorati.com/,working
Sending Your Courses into the Blogosphere: An Introduction for “Old People”,https://rrchnm.org/essays/sending-your-courses-into-the-blogosphere-an-introduction-for-old-people/,https://web.archive.org/web/20220629201441/http://www.facebook.com/,working
Sending Your Courses into the Blogosphere: An Introduction for “Old People”,https://rrchnm.org/essays/sending-your-courses-into-the-blogosphere-an-introduction-for-old-people/,https://web.archive.org/web/20220629201441/http://www.myspace.com/,working
Sending Your Courses into the Blogosphere: An Introduction for “Old People”,https://rrchnm.org/essays/sending-your-courses-into-the-blogosphere-an-introduction-for-old-people/,https://web.archive.org/web/20220629201441/http://www.blogger.com/start,status code: 429
Sending Your Courses into the Blogosphere: An Introduction for “Old People”,https://rrchnm.org/essays/sending-your-courses-into-the-blogosphere-an-introduction-for-old-people/,https://web.archive.org/web/20220629201441/http://www.livejournal.com/,working
Sending Your Courses into the Blogosphere: An Introduction for “Old People”,https://rrchnm.org/essays/sending-your-courses-into-the-blogosphere-an-introduction-for-old-people/,https://web.archive.org/web/20220629201441/http://www.movabletype.org/,working
Sending Your Courses into the Blogosphere: An Introduction for “Old People”,https://rrchnm.org/essays/sending-your-courses-into-the-blogosphere-an-introduction-for-old-people/,https://web.archive.org/web/20220629201441/http://wordpress.org/,working
Sending Your Courses into the Blogosphere: An Introduction for “Old People”,https://rrchnm.org/essays/sending-your-courses-into-the-blogosphere-an-introduction-for-old-people/,https://web.archive.org/web/20220629201441/http://chnm.gmu.edu/history/faculty/kelly/blogs/edwired,status code: 403
The Role of Technology in World History Teaching,https://rrchnm.org/essays/the-role-of-technology-in-world-history-teaching/,https://rrchnm.org/essays/the-role-of-technology-in-world-history-teaching/#ref1,working
The Role of Technology in World History Teaching,https://rrchnm.org/essays/the-role-of-technology-in-world-history-teaching/,https://rrchnm.org/essays/the-role-of-technology-in-world-history-teaching/#ref2,working
The Role of Technology in World History Teaching,https://rrchnm.org/essays/the-role-of-technology-in-world-history-teaching/,https://rrchnm.org/essays/the-role-of-technology-in-world-history-teaching/#ref3,working
The Role of Technology in World History Teaching,https://rrchnm.org/essays/the-role-of-technology-in-world-history-teaching/,https://rrchnm.org/essays/the-role-of-technology-in-world-history-teaching/#ref4,working
The Role of Technology in World History Teaching,https://rrchnm.org/essays/the-role-of-technology-in-world-history-teaching/,https://rrchnm.org/essays/the-role-of-technology-in-world-history-teaching/#ref5,working
The Role of Technology in World History Teaching,https://rrchnm.org/essays/the-role-of-technology-in-world-history-teaching/,https://rrchnm.org/essays/the-role-of-technology-in-world-history-teaching/#ref6,working
The Role of Technology in World History Teaching,https://rrchnm.org/essays/the-role-of-technology-in-world-history-teaching/,https://rrchnm.org/essays/the-role-of-technology-in-world-history-teaching/#ref7,working
The Role of Technology in World History Teaching,https://rrchnm.org/essays/the-role-of-technology-in-world-history-teaching/,https://rrchnm.org/essays/the-role-of-technology-in-world-history-teaching/#ref8,working
The Role of Technology in World History Teaching,https://rrchnm.org/essays/the-role-of-technology-in-world-history-teaching/,https://rrchnm.org/essays/the-role-of-technology-in-world-history-teaching/#ref9,working
The Role of Technology in World History Teaching,https://rrchnm.org/essays/the-role-of-technology-in-world-history-teaching/,https://web.archive.org/web/20220629190013/http://chnm.gmu.edu/worldhistorymatters/,working
The Role of Technology in World History Teaching,https://rrchnm.org/essays/the-role-of-technology-in-world-history-teaching/,https://rrchnm.org/essays/the-role-of-technology-in-world-history-teaching/#ref10,working
The Role of Technology in World History Teaching,https://rrchnm.org/essays/the-role-of-technology-in-world-history-teaching/,https://rrchnm.org/essays/the-role-of-technology-in-world-history-teaching/#ref11,working
The Role of Technology in World History Teaching,https://rrchnm.org/essays/the-role-of-technology-in-world-history-teaching/,https://web.archive.org/web/20220629190013/http://chnm.gmu.edu/webography/,working
The Role of Technology in World History Teaching,https://rrchnm.org/essays/the-role-of-technology-in-world-history-teaching/,https://rrchnm.org/essays/the-role-of-technology-in-world-history-teaching/#ref12,working
The Role of Technology in World History Teaching,https://rrchnm.org/essays/the-role-of-technology-in-world-history-teaching/,https://rrchnm.org/essays/the-role-of-technology-in-world-history-teaching/#ref13,working
The Role of Technology in World History Teaching,https://rrchnm.org/essays/the-role-of-technology-in-world-history-teaching/,https://rrchnm.org/essays/the-role-of-technology-in-world-history-teaching/#ref14,working
The Role of Technology in World History Teaching,https://rrchnm.org/essays/the-role-of-technology-in-world-history-teaching/,https://rrchnm.org/essays/the-role-of-technology-in-world-history-teaching/#ref15,working
The Role of Technology in World History Teaching,https://rrchnm.org/essays/the-role-of-technology-in-world-history-teaching/,https://rrchnm.org/essays/the-role-of-technology-in-world-history-teaching/#ftn1,working
The Role of Technology in World History Teaching,https://rrchnm.org/essays/the-role-of-technology-in-world-history-teaching/,https://rrchnm.org/essays/the-role-of-technology-in-world-history-teaching/#ftn2,working
The Role of Technology in World History Teaching,https://rrchnm.org/essays/the-role-of-technology-in-world-history-teaching/,https://rrchnm.org/essays/the-role-of-technology-in-world-history-teaching/#ftn3,working
The Role of Technology in World History Teaching,https://rrchnm.org/essays/the-role-of-technology-in-world-history-teaching/,https://rrchnm.org/essays/the-role-of-technology-in-world-history-teaching/#ftn4,working
The Role of Technology in World History Teaching,https://rrchnm.org/essays/the-role-of-technology-in-world-history-teaching/,https://rrchnm.org/essays/the-role-of-technology-in-world-history-teaching/#ftn5,working
The Role of Technology in World History Teaching,https://rrchnm.org/essays/the-role-of-technology-in-world-history-teaching/,https://web.archive.org/web/20220629190013/http://www.hitler.org/,working
The Role of Technology in World History Teaching,https://rrchnm.org/essays/the-role-of-technology-in-world-history-teaching/,https://rrchnm.org/essays/the-role-of-technology-in-world-history-teaching/#ftn6,working
The Role of Technology in World History Teaching,https://rrchnm.org/essays/the-role-of-technology-in-world-history-teaching/,https://web.archive.org/web/20220629190013/http://www.wamu.org/,working
The Role of Technology in World History Teaching,https://rrchnm.org/essays/the-role-of-technology-in-world-history-teaching/,https://rrchnm.org/essays/the-role-of-technology-in-world-history-teaching/#ftn7,working
The Role of Technology in World History Teaching,https://rrchnm.org/essays/the-role-of-technology-in-world-history-teaching/,https://web.archive.org/web/20220629190013/http://www.historycooperative.org/journals/jah/91.4/cohen.html,working
The Role of Technology in World History Teaching,https://rrchnm.org/essays/the-role-of-technology-in-world-history-teaching/,https://rrchnm.org/essays/the-role-of-technology-in-world-history-teaching/#ftn8,working
The Role of Technology in World History Teaching,https://rrchnm.org/essays/the-role-of-technology-in-world-history-teaching/,https://web.archive.org/web/20220629190013/http://chnm.gmu.edu/tools/scrapbook/,status code: 404
The Role of Technology in World History Teaching,https://rrchnm.org/essays/the-role-of-technology-in-world-history-teaching/,https://rrchnm.org/essays/the-role-of-technology-in-world-history-teaching/#ftn9,working
The Role of Technology in World History Teaching,https://rrchnm.org/essays/the-role-of-technology-in-world-history-teaching/,https://rrchnm.org/essays/the-role-of-technology-in-world-history-teaching/#ftn10,working
The Role of Technology in World History Teaching,https://rrchnm.org/essays/the-role-of-technology-in-world-history-teaching/,https://web.archive.org/web/20220629190013/http://chnm.gmu.edu/whm/analyzing/mcimages/analyzingimgintro.html,working
The Role of Technology in World History Teaching,https://rrchnm.org/essays/the-role-of-technology-in-world-history-teaching/,https://rrchnm.org/essays/the-role-of-technology-in-world-history-teaching/#ftn11,working
The Role of Technology in World History Teaching,https://rrchnm.org/essays/the-role-of-technology-in-world-history-teaching/,https://web.archive.org/web/20220629190013/http://chnm.gmu.edu/whm/whmfinding.php,working
The Role of Technology in World History Teaching,https://rrchnm.org/essays/the-role-of-technology-in-world-history-teaching/,https://web.archive.org/web/20220629190013/http://chnm.gmu.edu/wwh/,working
The Role of Technology in World History Teaching,https://rrchnm.org/essays/the-role-of-technology-in-world-history-teaching/,https://rrchnm.org/essays/the-role-of-technology-in-world-history-teaching/#ftn12,working
The Role of Technology in World History Teaching,https://rrchnm.org/essays/the-role-of-technology-in-world-history-teaching/,https://web.archive.org/web/20220629190013/http://www.flickr.com/,working
The Role of Technology in World History Teaching,https://rrchnm.org/essays/the-role-of-technology-in-world-history-teaching/,https://web.archive.org/web/20220629190013/http://del.icio.us/,working
The Role of Technology in World History Teaching,https://rrchnm.org/essays/the-role-of-technology-in-world-history-teaching/,https://web.archive.org/web/20220629190013/http://hurricanearchive.org/,working
The Role of Technology in World History Teaching,https://rrchnm.org/essays/the-role-of-technology-in-world-history-teaching/,https://rrchnm.org/essays/the-role-of-technology-in-world-history-teaching/#ftn13,working
The Role of Technology in World History Teaching,https://rrchnm.org/essays/the-role-of-technology-in-world-history-teaching/,https://web.archive.org/web/20220629190013/http://www.livejournal.com/stats.bml,working
The Role of Technology in World History Teaching,https://rrchnm.org/essays/the-role-of-technology-in-world-history-teaching/,https://rrchnm.org/essays/the-role-of-technology-in-world-history-teaching/#ftn14,working
The Role of Technology in World History Teaching,https://rrchnm.org/essays/the-role-of-technology-in-world-history-teaching/,https://rrchnm.org/essays/the-role-of-technology-in-world-history-teaching/#ftn15,working
The Role of Technology in World History Teaching,https://rrchnm.org/essays/the-role-of-technology-in-world-history-teaching/,https://web.archive.org/web/20220629190013/http://www.carnegiefoundation.org/CASTL/index.htm,working
The Role of Technology in World History Teaching,https://rrchnm.org/essays/the-role-of-technology-in-world-history-teaching/,https://web.archive.org/web/20220629190013/http://crossroads.georgetown.edu/vkp,status code: 404
Can History be Open Source? Wikipedia and the Future of the Past,https://rrchnm.org/essays/can-history-be-open-source-wikipedia-and-the-future-of-the-past/,https://rrchnm.org/essays/can-history-be-open-source-wikipedia-and-the-future-of-the-past/#ref1,working
Can History be Open Source? Wikipedia and the Future of the Past,https://rrchnm.org/essays/can-history-be-open-source-wikipedia-and-the-future-of-the-past/,https://rrchnm.org/essays/can-history-be-open-source-wikipedia-and-the-future-of-the-past/#ref2,working
Can History be Open Source? Wikipedia and the Future of the Past,https://rrchnm.org/essays/can-history-be-open-source-wikipedia-and-the-future-of-the-past/,https://rrchnm.org/essays/can-history-be-open-source-wikipedia-and-the-future-of-the-past/#ref3,working
Can History be Open Source? Wikipedia and the Future of the Past,https://rrchnm.org/essays/can-history-be-open-source-wikipedia-and-the-future-of-the-past/,https://web.archive.org/web/20220126043400/http://wikipedia.org/,working
Can History be Open Source? Wikipedia and the Future of the Past,https://rrchnm.org/essays/can-history-be-open-source-wikipedia-and-the-future-of-the-past/,https://rrchnm.org/essays/can-history-be-open-source-wikipedia-and-the-future-of-the-past/#ref4,working
Can History be Open Source? Wikipedia and the Future of the Past,https://rrchnm.org/essays/can-history-be-open-source-wikipedia-and-the-future-of-the-past/,https://rrchnm.org/essays/can-history-be-open-source-wikipedia-and-the-future-of-the-past/#ref5,working
Can History be Open Source? Wikipedia and the Future of the Past,https://rrchnm.org/essays/can-history-be-open-source-wikipedia-and-the-future-of-the-past/,https://rrchnm.org/essays/can-history-be-open-source-wikipedia-and-the-future-of-the-past/#ref6,working
Can History be Open Source? Wikipedia and the Future of the Past,https://rrchnm.org/essays/can-history-be-open-source-wikipedia-and-the-future-of-the-past/,https://web.archive.org/web/20220126043400/http://web.archive.org/web/20011025211405/http://wikipedia.com/,status code: 404
Can History be Open Source? Wikipedia and the Future of the Past,https://rrchnm.org/essays/can-history-be-open-source-wikipedia-and-the-future-of-the-past/,https://rrchnm.org/essays/can-history-be-open-source-wikipedia-and-the-future-of-the-past/#ref7,working
Can History be Open Source? Wikipedia and the Future of the Past,https://rrchnm.org/essays/can-history-be-open-source-wikipedia-and-the-future-of-the-past/,https://rrchnm.org/essays/can-history-be-open-source-wikipedia-and-the-future-of-the-past/#ref8,working
Can History be Open Source? Wikipedia and the Future of the Past,https://rrchnm.org/essays/can-history-be-open-source-wikipedia-and-the-future-of-the-past/,https://rrchnm.org/essays/can-history-be-open-source-wikipedia-and-the-future-of-the-past/#ref9,working
Can History be Open Source? Wikipedia and the Future of the Past,https://rrchnm.org/essays/can-history-be-open-source-wikipedia-and-the-future-of-the-past/,https://rrchnm.org/essays/can-history-be-open-source-wikipedia-and-the-future-of-the-past/#ref10,working
Can History be Open Source? Wikipedia and the Future of the Past,https://rrchnm.org/essays/can-history-be-open-source-wikipedia-and-the-future-of-the-past/,https://rrchnm.org/essays/can-history-be-open-source-wikipedia-and-the-future-of-the-past/#ref11,working
Can History be Open Source? Wikipedia and the Future of the Past,https://rrchnm.org/essays/can-history-be-open-source-wikipedia-and-the-future-of-the-past/,https://web.archive.org/web/20220126043400/http://en.wikipedia.org/wiki/Armenian_Genocide/,working
Can History be Open Source? Wikipedia and the Future of the Past,https://rrchnm.org/essays/can-history-be-open-source-wikipedia-and-the-future-of-the-past/,https://rrchnm.org/essays/can-history-be-open-source-wikipedia-and-the-future-of-the-past/#ref12,working
Can History be Open Source? Wikipedia and the Future of the Past,https://rrchnm.org/essays/can-history-be-open-source-wikipedia-and-the-future-of-the-past/,https://rrchnm.org/essays/can-history-be-open-source-wikipedia-and-the-future-of-the-past/#ref13,working
Can History be Open Source? Wikipedia and the Future of the Past,https://rrchnm.org/essays/can-history-be-open-source-wikipedia-and-the-future-of-the-past/,https://rrchnm.org/essays/can-history-be-open-source-wikipedia-and-the-future-of-the-past/#ref14,working
Can History be Open Source? Wikipedia and the Future of the Past,https://rrchnm.org/essays/can-history-be-open-source-wikipedia-and-the-future-of-the-past/,https://rrchnm.org/essays/can-history-be-open-source-wikipedia-and-the-future-of-the-past/#ref15,working
Can History be Open Source? Wikipedia and the Future of the Past,https://rrchnm.org/essays/can-history-be-open-source-wikipedia-and-the-future-of-the-past/,https://rrchnm.org/essays/can-history-be-open-source-wikipedia-and-the-future-of-the-past/#ref16,working
Can History be Open Source? Wikipedia and the Future of the Past,https://rrchnm.org/essays/can-history-be-open-source-wikipedia-and-the-future-of-the-past/,https://rrchnm.org/essays/can-history-be-open-source-wikipedia-and-the-future-of-the-past/#ref17,working
Can History be Open Source? Wikipedia and the Future of the Past,https://rrchnm.org/essays/can-history-be-open-source-wikipedia-and-the-future-of-the-past/,https://rrchnm.org/essays/can-history-be-open-source-wikipedia-and-the-future-of-the-past/#ref18,working
Can History be Open Source? Wikipedia and the Future of the Past,https://rrchnm.org/essays/can-history-be-open-source-wikipedia-and-the-future-of-the-past/,https://rrchnm.org/essays/can-history-be-open-source-wikipedia-and-the-future-of-the-past/#ref19,working
Can History be Open Source? Wikipedia and the Future of the Past,https://rrchnm.org/essays/can-history-be-open-source-wikipedia-and-the-future-of-the-past/,https://rrchnm.org/essays/can-history-be-open-source-wikipedia-and-the-future-of-the-past/#ref20,working
Can History be Open Source? Wikipedia and the Future of the Past,https://rrchnm.org/essays/can-history-be-open-source-wikipedia-and-the-future-of-the-past/,https://rrchnm.org/essays/can-history-be-open-source-wikipedia-and-the-future-of-the-past/#ref21,working
Can History be Open Source? Wikipedia and the Future of the Past,https://rrchnm.org/essays/can-history-be-open-source-wikipedia-and-the-future-of-the-past/,https://rrchnm.org/essays/can-history-be-open-source-wikipedia-and-the-future-of-the-past/#ref22,working
Can History be Open Source? Wikipedia and the Future of the Past,https://rrchnm.org/essays/can-history-be-open-source-wikipedia-and-the-future-of-the-past/,https://rrchnm.org/essays/can-history-be-open-source-wikipedia-and-the-future-of-the-past/#ref23,working
Can History be Open Source? Wikipedia and the Future of the Past,https://rrchnm.org/essays/can-history-be-open-source-wikipedia-and-the-future-of-the-past/,https://rrchnm.org/essays/can-history-be-open-source-wikipedia-and-the-future-of-the-past/#ref24,working
Can History be Open Source? Wikipedia and the Future of the Past,https://rrchnm.org/essays/can-history-be-open-source-wikipedia-and-the-future-of-the-past/,https://rrchnm.org/essays/can-history-be-open-source-wikipedia-and-the-future-of-the-past/#ref25,working
Can History be Open Source? Wikipedia and the Future of the Past,https://rrchnm.org/essays/can-history-be-open-source-wikipedia-and-the-future-of-the-past/,https://rrchnm.org/essays/can-history-be-open-source-wikipedia-and-the-future-of-the-past/#ref26,working
Can History be Open Source? Wikipedia and the Future of the Past,https://rrchnm.org/essays/can-history-be-open-source-wikipedia-and-the-future-of-the-past/,https://rrchnm.org/essays/can-history-be-open-source-wikipedia-and-the-future-of-the-past/#ref27,working
Can History be Open Source? Wikipedia and the Future of the Past,https://rrchnm.org/essays/can-history-be-open-source-wikipedia-and-the-future-of-the-past/,https://rrchnm.org/essays/can-history-be-open-source-wikipedia-and-the-future-of-the-past/#ref28,working
Can History be Open Source? Wikipedia and the Future of the Past,https://rrchnm.org/essays/can-history-be-open-source-wikipedia-and-the-future-of-the-past/,https://rrchnm.org/essays/can-history-be-open-source-wikipedia-and-the-future-of-the-past/#ref29,working
Can History be Open Source? Wikipedia and the Future of the Past,https://rrchnm.org/essays/can-history-be-open-source-wikipedia-and-the-future-of-the-past/,https://rrchnm.org/essays/can-history-be-open-source-wikipedia-and-the-future-of-the-past/#ref30,working
Can History be Open Source? Wikipedia and the Future of the Past,https://rrchnm.org/essays/can-history-be-open-source-wikipedia-and-the-future-of-the-past/,https://rrchnm.org/essays/can-history-be-open-source-wikipedia-and-the-future-of-the-past/#ref31,working
Can History be Open Source? Wikipedia and the Future of the Past,https://rrchnm.org/essays/can-history-be-open-source-wikipedia-and-the-future-of-the-past/,https://rrchnm.org/essays/can-history-be-open-source-wikipedia-and-the-future-of-the-past/#ref32,working
Can History be Open Source? Wikipedia and the Future of the Past,https://rrchnm.org/essays/can-history-be-open-source-wikipedia-and-the-future-of-the-past/,https://rrchnm.org/essays/can-history-be-open-source-wikipedia-and-the-future-of-the-past/#ref33,working
Can History be Open Source? Wikipedia and the Future of the Past,https://rrchnm.org/essays/can-history-be-open-source-wikipedia-and-the-future-of-the-past/,https://rrchnm.org/essays/can-history-be-open-source-wikipedia-and-the-future-of-the-past/#ref34,working
Can History be Open Source? Wikipedia and the Future of the Past,https://rrchnm.org/essays/can-history-be-open-source-wikipedia-and-the-future-of-the-past/,https://rrchnm.org/essays/can-history-be-open-source-wikipedia-and-the-future-of-the-past/#ref35,working
Can History be Open Source? Wikipedia and the Future of the Past,https://rrchnm.org/essays/can-history-be-open-source-wikipedia-and-the-future-of-the-past/,https://rrchnm.org/essays/can-history-be-open-source-wikipedia-and-the-future-of-the-past/#ref36,working
Can History be Open Source? Wikipedia and the Future of the Past,https://rrchnm.org/essays/can-history-be-open-source-wikipedia-and-the-future-of-the-past/,https://rrchnm.org/essays/can-history-be-open-source-wikipedia-and-the-future-of-the-past/#ref37,working
Can History be Open Source? Wikipedia and the Future of the Past,https://rrchnm.org/essays/can-history-be-open-source-wikipedia-and-the-future-of-the-past/,https://rrchnm.org/essays/can-history-be-open-source-wikipedia-and-the-future-of-the-past/#ref38,working
Can History be Open Source? Wikipedia and the Future of the Past,https://rrchnm.org/essays/can-history-be-open-source-wikipedia-and-the-future-of-the-past/,https://rrchnm.org/essays/can-history-be-open-source-wikipedia-and-the-future-of-the-past/#ref39,working
Can History be Open Source? Wikipedia and the Future of the Past,https://rrchnm.org/essays/can-history-be-open-source-wikipedia-and-the-future-of-the-past/,https://rrchnm.org/essays/can-history-be-open-source-wikipedia-and-the-future-of-the-past/#ref40,working
Can History be Open Source? Wikipedia and the Future of the Past,https://rrchnm.org/essays/can-history-be-open-source-wikipedia-and-the-future-of-the-past/,https://rrchnm.org/essays/can-history-be-open-source-wikipedia-and-the-future-of-the-past/#ref41,working
Can History be Open Source? Wikipedia and the Future of the Past,https://rrchnm.org/essays/can-history-be-open-source-wikipedia-and-the-future-of-the-past/,https://rrchnm.org/essays/can-history-be-open-source-wikipedia-and-the-future-of-the-past/#ref42,working
Can History be Open Source? Wikipedia and the Future of the Past,https://rrchnm.org/essays/can-history-be-open-source-wikipedia-and-the-future-of-the-past/,https://rrchnm.org/essays/can-history-be-open-source-wikipedia-and-the-future-of-the-past/#ref43,working
Can History be Open Source? Wikipedia and the Future of the Past,https://rrchnm.org/essays/can-history-be-open-source-wikipedia-and-the-future-of-the-past/,https://rrchnm.org/essays/can-history-be-open-source-wikipedia-and-the-future-of-the-past/#ref44,working
Can History be Open Source? Wikipedia and the Future of the Past,https://rrchnm.org/essays/can-history-be-open-source-wikipedia-and-the-future-of-the-past/,https://rrchnm.org/essays/can-history-be-open-source-wikipedia-and-the-future-of-the-past/#ref45,working
Can History be Open Source? Wikipedia and the Future of the Past,https://rrchnm.org/essays/can-history-be-open-source-wikipedia-and-the-future-of-the-past/,https://rrchnm.org/essays/can-history-be-open-source-wikipedia-and-the-future-of-the-past/#ref46,working
Can History be Open Source? Wikipedia and the Future of the Past,https://rrchnm.org/essays/can-history-be-open-source-wikipedia-and-the-future-of-the-past/,https://web.archive.org/web/20220126043400/http://en.wikipedia.org/w/index.php?title=Franklin_D._Roosevelt&action=history,working
Can History be Open Source? Wikipedia and the Future of the Past,https://rrchnm.org/essays/can-history-be-open-source-wikipedia-and-the-future-of-the-past/,https://rrchnm.org/essays/can-history-be-open-source-wikipedia-and-the-future-of-the-past/#ref47,working
Can History be Open Source? Wikipedia and the Future of the Past,https://rrchnm.org/essays/can-history-be-open-source-wikipedia-and-the-future-of-the-past/,https://rrchnm.org/essays/can-history-be-open-source-wikipedia-and-the-future-of-the-past/#ref48,working
Can History be Open Source? Wikipedia and the Future of the Past,https://rrchnm.org/essays/can-history-be-open-source-wikipedia-and-the-future-of-the-past/,https://rrchnm.org/essays/can-history-be-open-source-wikipedia-and-the-future-of-the-past/#ref49,working
Can History be Open Source? Wikipedia and the Future of the Past,https://rrchnm.org/essays/can-history-be-open-source-wikipedia-and-the-future-of-the-past/,https://rrchnm.org/essays/can-history-be-open-source-wikipedia-and-the-future-of-the-past/#ref50,working
Can History be Open Source? Wikipedia and the Future of the Past,https://rrchnm.org/essays/can-history-be-open-source-wikipedia-and-the-future-of-the-past/,https://rrchnm.org/essays/can-history-be-open-source-wikipedia-and-the-future-of-the-past/#ref51,working
Can History be Open Source? Wikipedia and the Future of the Past,https://rrchnm.org/essays/can-history-be-open-source-wikipedia-and-the-future-of-the-past/,https://rrchnm.org/essays/can-history-be-open-source-wikipedia-and-the-future-of-the-past/#ref52,working
Can History be Open Source? Wikipedia and the Future of the Past,https://rrchnm.org/essays/can-history-be-open-source-wikipedia-and-the-future-of-the-past/,https://rrchnm.org/essays/can-history-be-open-source-wikipedia-and-the-future-of-the-past/#ref53,working
Can History be Open Source? Wikipedia and the Future of the Past,https://rrchnm.org/essays/can-history-be-open-source-wikipedia-and-the-future-of-the-past/,https://rrchnm.org/essays/can-history-be-open-source-wikipedia-and-the-future-of-the-past/#ref54,working
Can History be Open Source? Wikipedia and the Future of the Past,https://rrchnm.org/essays/can-history-be-open-source-wikipedia-and-the-future-of-the-past/,https://rrchnm.org/essays/can-history-be-open-source-wikipedia-and-the-future-of-the-past/#ref55,working
Can History be Open Source? Wikipedia and the Future of the Past,https://rrchnm.org/essays/can-history-be-open-source-wikipedia-and-the-future-of-the-past/,https://rrchnm.org/essays/can-history-be-open-source-wikipedia-and-the-future-of-the-past/#ref56,working
Can History be Open Source? Wikipedia and the Future of the Past,https://rrchnm.org/essays/can-history-be-open-source-wikipedia-and-the-future-of-the-past/,https://rrchnm.org/essays/can-history-be-open-source-wikipedia-and-the-future-of-the-past/#ref57,working
Can History be Open Source? Wikipedia and the Future of the Past,https://rrchnm.org/essays/can-history-be-open-source-wikipedia-and-the-future-of-the-past/,https://rrchnm.org/essays/can-history-be-open-source-wikipedia-and-the-future-of-the-past/#ref58,working
Can History be Open Source? Wikipedia and the Future of the Past,https://rrchnm.org/essays/can-history-be-open-source-wikipedia-and-the-future-of-the-past/,https://web.archive.org/web/20220126043400/http://en.wikipedia.org/wiki/Talk:John_Brown_(abolitionist)/,working
Can History be Open Source? Wikipedia and the Future of the Past,https://rrchnm.org/essays/can-history-be-open-source-wikipedia-and-the-future-of-the-past/,https://rrchnm.org/essays/can-history-be-open-source-wikipedia-and-the-future-of-the-past/#ref59,working
Can History be Open Source? Wikipedia and the Future of the Past,https://rrchnm.org/essays/can-history-be-open-source-wikipedia-and-the-future-of-the-past/,https://rrchnm.org/essays/can-history-be-open-source-wikipedia-and-the-future-of-the-past/#ref60,working
Can History be Open Source? Wikipedia and the Future of the Past,https://rrchnm.org/essays/can-history-be-open-source-wikipedia-and-the-future-of-the-past/,https://rrchnm.org/essays/can-history-be-open-source-wikipedia-and-the-future-of-the-past/#ref61,working
Can History be Open Source? Wikipedia and the Future of the Past,https://rrchnm.org/essays/can-history-be-open-source-wikipedia-and-the-future-of-the-past/,https://rrchnm.org/essays/can-history-be-open-source-wikipedia-and-the-future-of-the-past/#ref62,working
Can History be Open Source? Wikipedia and the Future of the Past,https://rrchnm.org/essays/can-history-be-open-source-wikipedia-and-the-future-of-the-past/,https://rrchnm.org/essays/can-history-be-open-source-wikipedia-and-the-future-of-the-past/#ref63,working
Can History be Open Source? Wikipedia and the Future of the Past,https://rrchnm.org/essays/can-history-be-open-source-wikipedia-and-the-future-of-the-past/,https://rrchnm.org/essays/can-history-be-open-source-wikipedia-and-the-future-of-the-past/#ref64,working
Can History be Open Source? Wikipedia and the Future of the Past,https://rrchnm.org/essays/can-history-be-open-source-wikipedia-and-the-future-of-the-past/,https://rrchnm.org/essays/can-history-be-open-source-wikipedia-and-the-future-of-the-past/#ref65,working
Can History be Open Source? Wikipedia and the Future of the Past,https://rrchnm.org/essays/can-history-be-open-source-wikipedia-and-the-future-of-the-past/,https://rrchnm.org/essays/can-history-be-open-source-wikipedia-and-the-future-of-the-past/#ref66,working
Can History be Open Source? Wikipedia and the Future of the Past,https://rrchnm.org/essays/can-history-be-open-source-wikipedia-and-the-future-of-the-past/,https://rrchnm.org/essays/can-history-be-open-source-wikipedia-and-the-future-of-the-past/#ref67,working
Can History be Open Source? Wikipedia and the Future of the Past,https://rrchnm.org/essays/can-history-be-open-source-wikipedia-and-the-future-of-the-past/,https://rrchnm.org/essays/can-history-be-open-source-wikipedia-and-the-future-of-the-past/#ref68,working
Can History be Open Source? Wikipedia and the Future of the Past,https://rrchnm.org/essays/can-history-be-open-source-wikipedia-and-the-future-of-the-past/,https://rrchnm.org/essays/can-history-be-open-source-wikipedia-and-the-future-of-the-past/#ref69,working
Can History be Open Source? Wikipedia and the Future of the Past,https://rrchnm.org/essays/can-history-be-open-source-wikipedia-and-the-future-of-the-past/,https://rrchnm.org/essays/can-history-be-open-source-wikipedia-and-the-future-of-the-past/#ref70,working
Can History be Open Source? Wikipedia and the Future of the Past,https://rrchnm.org/essays/can-history-be-open-source-wikipedia-and-the-future-of-the-past/,https://rrchnm.org/essays/can-history-be-open-source-wikipedia-and-the-future-of-the-past/#ref71,working
Can History be Open Source? Wikipedia and the Future of the Past,https://rrchnm.org/essays/can-history-be-open-source-wikipedia-and-the-future-of-the-past/,https://rrchnm.org/essays/can-history-be-open-source-wikipedia-and-the-future-of-the-past/#ref72,working
Can History be Open Source? Wikipedia and the Future of the Past,https://rrchnm.org/essays/can-history-be-open-source-wikipedia-and-the-future-of-the-past/,https://rrchnm.org/essays/can-history-be-open-source-wikipedia-and-the-future-of-the-past/#ref73,working
Can History be Open Source? Wikipedia and the Future of the Past,https://rrchnm.org/essays/can-history-be-open-source-wikipedia-and-the-future-of-the-past/,https://rrchnm.org/essays/can-history-be-open-source-wikipedia-and-the-future-of-the-past/#ref74,working
Can History be Open Source? Wikipedia and the Future of the Past,https://rrchnm.org/essays/can-history-be-open-source-wikipedia-and-the-future-of-the-past/,https://rrchnm.org/essays/can-history-be-open-source-wikipedia-and-the-future-of-the-past/#ref75,working
Can History be Open Source? Wikipedia and the Future of the Past,https://rrchnm.org/essays/can-history-be-open-source-wikipedia-and-the-future-of-the-past/,https://rrchnm.org/essays/can-history-be-open-source-wikipedia-and-the-future-of-the-past/#ref76,working
Can History be Open Source? Wikipedia and the Future of the Past,https://rrchnm.org/essays/can-history-be-open-source-wikipedia-and-the-future-of-the-past/,https://rrchnm.org/essays/can-history-be-open-source-wikipedia-and-the-future-of-the-past/#ref77,working
Can History be Open Source? Wikipedia and the Future of the Past,https://rrchnm.org/essays/can-history-be-open-source-wikipedia-and-the-future-of-the-past/,https://rrchnm.org/essays/can-history-be-open-source-wikipedia-and-the-future-of-the-past/#ref78,working
Can History be Open Source? Wikipedia and the Future of the Past,https://rrchnm.org/essays/can-history-be-open-source-wikipedia-and-the-future-of-the-past/,https://rrchnm.org/essays/can-history-be-open-source-wikipedia-and-the-future-of-the-past/#ref79,working
Can History be Open Source? Wikipedia and the Future of the Past,https://rrchnm.org/essays/can-history-be-open-source-wikipedia-and-the-future-of-the-past/,https://rrchnm.org/essays/can-history-be-open-source-wikipedia-and-the-future-of-the-past/#ftn1,working
Can History be Open Source? Wikipedia and the Future of the Past,https://rrchnm.org/essays/can-history-be-open-source-wikipedia-and-the-future-of-the-past/,https://rrchnm.org/essays/can-history-be-open-source-wikipedia-and-the-future-of-the-past/#ftn2,working
Can History be Open Source? Wikipedia and the Future of the Past,https://rrchnm.org/essays/can-history-be-open-source-wikipedia-and-the-future-of-the-past/,https://rrchnm.org/essays/can-history-be-open-source-wikipedia-and-the-future-of-the-past/#ftn3,working
Can History be Open Source? Wikipedia and the Future of the Past,https://rrchnm.org/essays/can-history-be-open-source-wikipedia-and-the-future-of-the-past/,https://web.archive.org/web/20220126043400/http://en.wikipedia.org/wikistats/EN/TablesArticlesTotal.htm,working
Can History be Open Source? Wikipedia and the Future of the Past,https://rrchnm.org/essays/can-history-be-open-source-wikipedia-and-the-future-of-the-past/,https://web.archive.org/web/20220126043400/http://en.wikipedia.org/wiki/Franklin_Delano_Roosevelt,working
Can History be Open Source? Wikipedia and the Future of the Past,https://rrchnm.org/essays/can-history-be-open-source-wikipedia-and-the-future-of-the-past/,https://rrchnm.org/essays/can-history-be-open-source-wikipedia-and-the-future-of-the-past/#ftn4,working
Can History be Open Source? Wikipedia and the Future of the Past,https://rrchnm.org/essays/can-history-be-open-source-wikipedia-and-the-future-of-the-past/,https://web.archive.org/web/20220126043400/http://en.wikipedia.org/wikistats/EN/TablesUsageVisits.htm,working
Can History be Open Source? Wikipedia and the Future of the Past,https://rrchnm.org/essays/can-history-be-open-source-wikipedia-and-the-future-of-the-past/,https://web.archive.org/web/20220126043400/http://en.wikipedia.org/wiki/Main_Page,working
Can History be Open Source? Wikipedia and the Future of the Past,https://rrchnm.org/essays/can-history-be-open-source-wikipedia-and-the-future-of-the-past/,https://web.archive.org/web/20220126043400/http://www.alexa.com/,working
Can History be Open Source? Wikipedia and the Future of the Past,https://rrchnm.org/essays/can-history-be-open-source-wikipedia-and-the-future-of-the-past/,https://web.archive.org/web/20220126043400/http://wikimediafoundation.org/wiki/Budget/2005,status code: 404
Can History be Open Source? Wikipedia and the Future of the Past,https://rrchnm.org/essays/can-history-be-open-source-wikipedia-and-the-future-of-the-past/,https://web.archive.org/web/20220126043400/http://www.techcentralstation.com/111504A.html,working
Can History be Open Source? Wikipedia and the Future of the Past,https://rrchnm.org/essays/can-history-be-open-source-wikipedia-and-the-future-of-the-past/,https://rrchnm.org/essays/can-history-be-open-source-wikipedia-and-the-future-of-the-past/#ftn5,working
Can History be Open Source? Wikipedia and the Future of the Past,https://rrchnm.org/essays/can-history-be-open-source-wikipedia-and-the-future-of-the-past/,https://web.archive.org/web/20220126043400/http://en.wikipedia.org/wikistats/EN/TablesDatabaseWords.htm,working
Can History be Open Source? Wikipedia and the Future of the Past,https://rrchnm.org/essays/can-history-be-open-source-wikipedia-and-the-future-of-the-past/,https://rrchnm.org/essays/can-history-be-open-source-wikipedia-and-the-future-of-the-past/#ftn6,working
Can History be Open Source? Wikipedia and the Future of the Past,https://rrchnm.org/essays/can-history-be-open-source-wikipedia-and-the-future-of-the-past/,https://web.archive.org/web/20220126043400/http://en.wikipedia.org/wiki/History_of_Wikipedia,working
Can History be Open Source? Wikipedia and the Future of the Past,https://rrchnm.org/essays/can-history-be-open-source-wikipedia-and-the-future-of-the-past/,https://web.archive.org/web/20220126043400/http://www.gnu.org/encyclopedia/free-encyclopedia.html,working
Can History be Open Source? Wikipedia and the Future of the Past,https://rrchnm.org/essays/can-history-be-open-source-wikipedia-and-the-future-of-the-past/,https://web.archive.org/web/20220126043400/http://www.wired.com/wired/archive/13.03/wiki_pr.html,status code: 402
Can History be Open Source? Wikipedia and the Future of the Past,https://rrchnm.org/essays/can-history-be-open-source-wikipedia-and-the-future-of-the-past/,https://web.archive.org/web/20220126043400/http://www.floridatrend.com/issue/default.asp?a=5617&s=1&d=9/1/%202005,working
Can History be Open Source? Wikipedia and the Future of the Past,https://rrchnm.org/essays/can-history-be-open-source-wikipedia-and-the-future-of-the-past/,https://web.archive.org/web/20220126043400/http://www.signonsandiego.com/uniontrib/20041206/news_mz1b6encyclo%20.html,working
Can History be Open Source? Wikipedia and the Future of the Past,https://rrchnm.org/essays/can-history-be-open-source-wikipedia-and-the-future-of-the-past/,https://web.archive.org/web/20220126043400/http://en.wikipedia.org/wiki/Jimmy_Wales,working
Can History be Open Source? Wikipedia and the Future of the Past,https://rrchnm.org/essays/can-history-be-open-source-wikipedia-and-the-future-of-the-past/,https://web.archive.org/web/20220126043400/http://en.wikipedia.org/wiki/Larry_Sanger,working
Can History be Open Source? Wikipedia and the Future of the Past,https://rrchnm.org/essays/can-history-be-open-source-wikipedia-and-the-future-of-the-past/,https://rrchnm.org/essays/can-history-be-open-source-wikipedia-and-the-future-of-the-past/#ftn7,working
Can History be Open Source? Wikipedia and the Future of the Past,https://rrchnm.org/essays/can-history-be-open-source-wikipedia-and-the-future-of-the-past/,https://web.archive.org/web/20220126043400/http://features.slashdot.org/features/05/04/18/164213.shtml,working
Can History be Open Source? Wikipedia and the Future of the Past,https://rrchnm.org/essays/can-history-be-open-source-wikipedia-and-the-future-of-the-past/,https://web.archive.org/web/20220126043400/http://en.wikipedia.org/wiki/History_of_Wikipedia,working
Can History be Open Source? Wikipedia and the Future of the Past,https://rrchnm.org/essays/can-history-be-open-source-wikipedia-and-the-future-of-the-past/,https://rrchnm.org/essays/can-history-be-open-source-wikipedia-and-the-future-of-the-past/#ftn8,working
Can History be Open Source? Wikipedia and the Future of the Past,https://rrchnm.org/essays/can-history-be-open-source-wikipedia-and-the-future-of-the-past/,https://web.archive.org/web/20220126043400/http://en.wikipedia.org/wiki/Wikipedia:%20Multilingual_ranking_July_2005,working
Can History be Open Source? Wikipedia and the Future of the Past,https://rrchnm.org/essays/can-history-be-open-source-wikipedia-and-the-future-of-the-past/,https://web.archive.org/web/20220126043400/http://en.wikipedia.org/wiki/History_of_Wikipedia,working
Can History be Open Source? Wikipedia and the Future of the Past,https://rrchnm.org/essays/can-history-be-open-source-wikipedia-and-the-future-of-the-past/,https://rrchnm.org/essays/can-history-be-open-source-wikipedia-and-the-future-of-the-past/#ftn9,working
Can History be Open Source? Wikipedia and the Future of the Past,https://rrchnm.org/essays/can-history-be-open-source-wikipedia-and-the-future-of-the-past/,https://web.archive.org/web/20220126043400/http://en.wikipedia.org/wikistats/EN/TablesWikipediansContributors%20.htm,working
Can History be Open Source? Wikipedia and the Future of the Past,https://rrchnm.org/essays/can-history-be-open-source-wikipedia-and-the-future-of-the-past/,https://rrchnm.org/essays/can-history-be-open-source-wikipedia-and-the-future-of-the-past/#ftn10,working
Can History be Open Source? Wikipedia and the Future of the Past,https://rrchnm.org/essays/can-history-be-open-source-wikipedia-and-the-future-of-the-past/,https://web.archive.org/web/20220126043400/http://en.wikipedia.org/wiki/Wikipedia:Policies_and_guidelines,working
Can History be Open Source? Wikipedia and the Future of the Past,https://rrchnm.org/essays/can-history-be-open-source-wikipedia-and-the-future-of-the-past/,https://rrchnm.org/essays/can-history-be-open-source-wikipedia-and-the-future-of-the-past/#ftn11,working
Can History be Open Source? Wikipedia and the Future of the Past,https://rrchnm.org/essays/can-history-be-open-source-wikipedia-and-the-future-of-the-past/,https://web.archive.org/web/20220126043400/http://en.wikipedia.org/wiki/No_original_research,status code: 404
Can History be Open Source? Wikipedia and the Future of the Past,https://rrchnm.org/essays/can-history-be-open-source-wikipedia-and-the-future-of-the-past/,https://rrchnm.org/essays/can-history-be-open-source-wikipedia-and-the-future-of-the-past/#ftn12,working
Can History be Open Source? Wikipedia and the Future of the Past,https://rrchnm.org/essays/can-history-be-open-source-wikipedia-and-the-future-of-the-past/,https://web.archive.org/web/20220126043400/http://en.wikipedia.org/wiki/NPOV,working
Can History be Open Source? Wikipedia and the Future of the Past,https://rrchnm.org/essays/can-history-be-open-source-wikipedia-and-the-future-of-the-past/,https://rrchnm.org/essays/can-history-be-open-source-wikipedia-and-the-future-of-the-past/#ftn13,working
Can History be Open Source? Wikipedia and the Future of the Past,https://rrchnm.org/essays/can-history-be-open-source-wikipedia-and-the-future-of-the-past/,https://web.archive.org/web/20220126043400/http://en.wikipedia.org/wiki/Armenian_Genocide,working
Can History be Open Source? Wikipedia and the Future of the Past,https://rrchnm.org/essays/can-history-be-open-source-wikipedia-and-the-future-of-the-past/,https://rrchnm.org/essays/can-history-be-open-source-wikipedia-and-the-future-of-the-past/#ftn14,working
Can History be Open Source? Wikipedia and the Future of the Past,https://rrchnm.org/essays/can-history-be-open-source-wikipedia-and-the-future-of-the-past/,https://web.archive.org/web/20220126043400/http://en.wikipedia.org/wiki/NPOV,working
Can History be Open Source? Wikipedia and the Future of the Past,https://rrchnm.org/essays/can-history-be-open-source-wikipedia-and-the-future-of-the-past/,https://web.archive.org/web/20220126043400/http://en.wikipedia.org/wiki/Daniel_Pipes,working
Can History be Open Source? Wikipedia and the Future of the Past,https://rrchnm.org/essays/can-history-be-open-source-wikipedia-and-the-future-of-the-past/,https://rrchnm.org/essays/can-history-be-open-source-wikipedia-and-the-future-of-the-past/#ftn15,working
Can History be Open Source? Wikipedia and the Future of the Past,https://rrchnm.org/essays/can-history-be-open-source-wikipedia-and-the-future-of-the-past/,https://web.archive.org/web/20220126043400/http://en.wikipedia.org/wiki/Wikipedia:Policies_and_guidelines,working
Can History be Open Source? Wikipedia and the Future of the Past,https://rrchnm.org/essays/can-history-be-open-source-wikipedia-and-the-future-of-the-past/,https://rrchnm.org/essays/can-history-be-open-source-wikipedia-and-the-future-of-the-past/#ftn16,working
Can History be Open Source? Wikipedia and the Future of the Past,https://rrchnm.org/essays/can-history-be-open-source-wikipedia-and-the-future-of-the-past/,https://web.archive.org/web/20220126043400/http://www.fsf.org/licensing/licenses/fdl.html,working
Can History be Open Source? Wikipedia and the Future of the Past,https://rrchnm.org/essays/can-history-be-open-source-wikipedia-and-the-future-of-the-past/,https://rrchnm.org/essays/can-history-be-open-source-wikipedia-and-the-future-of-the-past/#ftn17,working
Can History be Open Source? Wikipedia and the Future of the Past,https://rrchnm.org/essays/can-history-be-open-source-wikipedia-and-the-future-of-the-past/,https://web.archive.org/web/20220126043400/http://www.dlib.org/dlib/march06/cohen/03cohen.html,working
Can History be Open Source? Wikipedia and the Future of the Past,https://rrchnm.org/essays/can-history-be-open-source-wikipedia-and-the-future-of-the-past/,https://web.archive.org/web/20220126043400/http://chnm.gmu.edu/tools/h-bot/,status code: 404
Can History be Open Source? Wikipedia and the Future of the Past,https://rrchnm.org/essays/can-history-be-open-source-wikipedia-and-the-future-of-the-past/,https://web.archive.org/web/20220126043400/http://www.fsf.org/licensing/essays/free-sw.html,working
Can History be Open Source? Wikipedia and the Future of the Past,https://rrchnm.org/essays/can-history-be-open-source-wikipedia-and-the-future-of-the-past/,https://rrchnm.org/essays/can-history-be-open-source-wikipedia-and-the-future-of-the-past/#ftn18,working
Can History be Open Source? Wikipedia and the Future of the Past,https://rrchnm.org/essays/can-history-be-open-source-wikipedia-and-the-future-of-the-past/,https://web.archive.org/web/20220126043400/http://en.wikipedia.org/wiki/Wikipedia:Policies_and_guidelines,working
Can History be Open Source? Wikipedia and the Future of the Past,https://rrchnm.org/essays/can-history-be-open-source-wikipedia-and-the-future-of-the-past/,https://rrchnm.org/essays/can-history-be-open-source-wikipedia-and-the-future-of-the-past/#ftn19,working
Can History be Open Source? Wikipedia and the Future of the Past,https://rrchnm.org/essays/can-history-be-open-source-wikipedia-and-the-future-of-the-past/,https://rrchnm.org/essays/can-history-be-open-source-wikipedia-and-the-future-of-the-past/#ftn20,working
Can History be Open Source? Wikipedia and the Future of the Past,https://rrchnm.org/essays/can-history-be-open-source-wikipedia-and-the-future-of-the-past/,https://web.archive.org/web/20220126043400/http://en.wikipedia.org/wiki/Wikipedia:Administrators,working
Can History be Open Source? Wikipedia and the Future of the Past,https://rrchnm.org/essays/can-history-be-open-source-wikipedia-and-the-future-of-the-past/,https://rrchnm.org/essays/can-history-be-open-source-wikipedia-and-the-future-of-the-past/#ftn21,working
Can History be Open Source? Wikipedia and the Future of the Past,https://rrchnm.org/essays/can-history-be-open-source-wikipedia-and-the-future-of-the-past/,https://web.archive.org/web/20220126043400/http://en.wikipedia.org/wiki/Wikipedia:Banning_policy,working
Can History be Open Source? Wikipedia and the Future of the Past,https://rrchnm.org/essays/can-history-be-open-source-wikipedia-and-the-future-of-the-past/,https://web.archive.org/web/20220126043400/http://en.wikipedia.org/wiki/Jimmy_Wales,working
Can History be Open Source? Wikipedia and the Future of the Past,https://rrchnm.org/essays/can-history-be-open-source-wikipedia-and-the-future-of-the-past/,https://web.archive.org/web/20220126043400/http://wikimediafoundation.org/wiki/Home,working
Can History be Open Source? Wikipedia and the Future of the Past,https://rrchnm.org/essays/can-history-be-open-source-wikipedia-and-the-future-of-the-past/,https://web.archive.org/web/20220126043400/http://en.wikipedia.org/wiki/Wikia,working
Can History be Open Source? Wikipedia and the Future of the Past,https://rrchnm.org/essays/can-history-be-open-source-wikipedia-and-the-future-of-the-past/,https://rrchnm.org/essays/can-history-be-open-source-wikipedia-and-the-future-of-the-past/#ftn22,working
Can History be Open Source? Wikipedia and the Future of the Past,https://rrchnm.org/essays/can-history-be-open-source-wikipedia-and-the-future-of-the-past/,https://web.archive.org/web/20220126043400/http://www.wikinfo.org/wiki.php?title=Critical_views_of_Wikipedia,working
Can History be Open Source? Wikipedia and the Future of the Past,https://rrchnm.org/essays/can-history-be-open-source-wikipedia-and-the-future-of-the-past/,https://web.archive.org/web/20220126043400/http://en.wikipedia.org/wiki/Talk:Charles_Coughlin,working
Can History be Open Source? Wikipedia and the Future of the Past,https://rrchnm.org/essays/can-history-be-open-source-wikipedia-and-the-future-of-the-past/,https://web.archive.org/web/20220126043400/http://en.wikipedia.org/wiki/Lyndon_LaRouche,working
Can History be Open Source? Wikipedia and the Future of the Past,https://rrchnm.org/essays/can-history-be-open-source-wikipedia-and-the-future-of-the-past/,https://web.archive.org/web/20220126043400/http://en.wikipedia.org/wiki/Talk:Lyndon_LaRouche,working
Can History be Open Source? Wikipedia and the Future of the Past,https://rrchnm.org/essays/can-history-be-open-source-wikipedia-and-the-future-of-the-past/,https://rrchnm.org/essays/can-history-be-open-source-wikipedia-and-the-future-of-the-past/#ftn23,working
Can History be Open Source? Wikipedia and the Future of the Past,https://rrchnm.org/essays/can-history-be-open-source-wikipedia-and-the-future-of-the-past/,https://web.archive.org/web/20220126043400/http://en.wikipedia.org/wiki/History_of_the_United_States_(1918-%201945),status code: 404
Can History be Open Source? Wikipedia and the Future of the Past,https://rrchnm.org/essays/can-history-be-open-source-wikipedia-and-the-future-of-the-past/,https://rrchnm.org/essays/can-history-be-open-source-wikipedia-and-the-future-of-the-past/#ftn24,working
Can History be Open Source? Wikipedia and the Future of the Past,https://rrchnm.org/essays/can-history-be-open-source-wikipedia-and-the-future-of-the-past/,https://web.archive.org/web/20220126043400/http://en.wikipedia.org/wiki/History_of_the_United_States_(1865-%201918),status code: 404
Can History be Open Source? Wikipedia and the Future of the Past,https://rrchnm.org/essays/can-history-be-open-source-wikipedia-and-the-future-of-the-past/,https://web.archive.org/web/20220126043400/http://en.wikipedia.org/wiki/Feminist_history_in_the_United_States,working
Can History be Open Source? Wikipedia and the Future of the Past,https://rrchnm.org/essays/can-history-be-open-source-wikipedia-and-the-future-of-the-past/,https://web.archive.org/web/20220126043400/http://en.wikipedia.org/wiki/Immigration_to_the_United_States,working
Can History be Open Source? Wikipedia and the Future of the Past,https://rrchnm.org/essays/can-history-be-open-source-wikipedia-and-the-future-of-the-past/,https://web.archive.org/web/20220126043400/http://odur.let.rug.nl/~usa/H/index.htm,working
Can History be Open Source? Wikipedia and the Future of the Past,https://rrchnm.org/essays/can-history-be-open-source-wikipedia-and-the-future-of-the-past/,https://rrchnm.org/essays/can-history-be-open-source-wikipedia-and-the-future-of-the-past/#ftn25,working
Can History be Open Source? Wikipedia and the Future of the Past,https://rrchnm.org/essays/can-history-be-open-source-wikipedia-and-the-future-of-the-past/,https://web.archive.org/web/20220126043400/http://en.wikipedia.org/wiki/Cultural_history_of_the_United_States,working
Can History be Open Source? Wikipedia and the Future of the Past,https://rrchnm.org/essays/can-history-be-open-source-wikipedia-and-the-future-of-the-past/,https://web.archive.org/web/20220126043400/http://en.wikipedia.org/wiki/%20Postage_stamps_and_postal_history_of_the_United_States,working
Can History be Open Source? Wikipedia and the Future of the Past,https://rrchnm.org/essays/can-history-be-open-source-wikipedia-and-the-future-of-the-past/,https://rrchnm.org/essays/can-history-be-open-source-wikipedia-and-the-future-of-the-past/#ftn26,working
Can History be Open Source? Wikipedia and the Future of the Past,https://rrchnm.org/essays/can-history-be-open-source-wikipedia-and-the-future-of-the-past/,https://rrchnm.org/essays/can-history-be-open-source-wikipedia-and-the-future-of-the-past/#ftn27,working
Can History be Open Source? Wikipedia and the Future of the Past,https://rrchnm.org/essays/can-history-be-open-source-wikipedia-and-the-future-of-the-past/,https://rrchnm.org/essays/can-history-be-open-source-wikipedia-and-the-future-of-the-past/#ftn28,working
Can History be Open Source? Wikipedia and the Future of the Past,https://rrchnm.org/essays/can-history-be-open-source-wikipedia-and-the-future-of-the-past/,https://rrchnm.org/essays/can-history-be-open-source-wikipedia-and-the-future-of-the-past/#ftn29,working
Can History be Open Source? Wikipedia and the Future of the Past,https://rrchnm.org/essays/can-history-be-open-source-wikipedia-and-the-future-of-the-past/,https://web.archive.org/web/20220126043400/http://en.wikipedia.org/wiki/Wikipedia:%20Why_Wikipedia_is_not_so_great,working
Can History be Open Source? Wikipedia and the Future of the Past,https://rrchnm.org/essays/can-history-be-open-source-wikipedia-and-the-future-of-the-past/,https://rrchnm.org/essays/can-history-be-open-source-wikipedia-and-the-future-of-the-past/#ftn30,working
Can History be Open Source? Wikipedia and the Future of the Past,https://rrchnm.org/essays/can-history-be-open-source-wikipedia-and-the-future-of-the-past/,https://web.archive.org/web/20220126043400/http://en.wikipedia.org/wiki/Criticism_of_Wikipedia,working
Can History be Open Source? Wikipedia and the Future of the Past,https://rrchnm.org/essays/can-history-be-open-source-wikipedia-and-the-future-of-the-past/,https://rrchnm.org/essays/can-history-be-open-source-wikipedia-and-the-future-of-the-past/#ftn31,working
Can History be Open Source? Wikipedia and the Future of the Past,https://rrchnm.org/essays/can-history-be-open-source-wikipedia-and-the-future-of-the-past/,https://web.archive.org/web/20220126043400/http://en.wikipedia.org/wiki/Frederick_Law_Olmsted,working
Can History be Open Source? Wikipedia and the Future of the Past,https://rrchnm.org/essays/can-history-be-open-source-wikipedia-and-the-future-of-the-past/,https://rrchnm.org/essays/can-history-be-open-source-wikipedia-and-the-future-of-the-past/#ftn32,working
Can History be Open Source? Wikipedia and the Future of the Past,https://rrchnm.org/essays/can-history-be-open-source-wikipedia-and-the-future-of-the-past/,https://web.archive.org/web/20220126043400/http://en.wikipedia.org/wiki/Frederick_Law_Olmsted,working
Can History be Open Source? Wikipedia and the Future of the Past,https://rrchnm.org/essays/can-history-be-open-source-wikipedia-and-the-future-of-the-past/,https://web.archive.org/web/20220126043400/http://en.wikipedia.org/wiki/Andrew_Jackson_Downing,working
Can History be Open Source? Wikipedia and the Future of the Past,https://rrchnm.org/essays/can-history-be-open-source-wikipedia-and-the-future-of-the-past/,https://web.archive.org/web/20220126043400/http://en.wikipedia.org/wiki/Calvert_Vaux,working
Can History be Open Source? Wikipedia and the Future of the Past,https://rrchnm.org/essays/can-history-be-open-source-wikipedia-and-the-future-of-the-past/,https://rrchnm.org/essays/can-history-be-open-source-wikipedia-and-the-future-of-the-past/#ftn33,working
Can History be Open Source? Wikipedia and the Future of the Past,https://rrchnm.org/essays/can-history-be-open-source-wikipedia-and-the-future-of-the-past/,https://web.archive.org/web/20220126043400/http://en.wikipedia.org/wiki/Wikipedia:Errors_in_the_Encyclop%C3%%20A6dia_Britannica_that_have_been_corrected_in_Wikipedia,status code: 400
Can History be Open Source? Wikipedia and the Future of the Past,https://rrchnm.org/essays/can-history-be-open-source-wikipedia-and-the-future-of-the-past/,https://rrchnm.org/essays/can-history-be-open-source-wikipedia-and-the-future-of-the-past/#ftn34,working
Can History be Open Source? Wikipedia and the Future of the Past,https://rrchnm.org/essays/can-history-be-open-source-wikipedia-and-the-future-of-the-past/,https://web.archive.org/web/20220126043400/http://www.nature.com/nature/journal/v438/n7070/full/438900a.html,working
Can History be Open Source? Wikipedia and the Future of the Past,https://rrchnm.org/essays/can-history-be-open-source-wikipedia-and-the-future-of-the-past/,https://web.archive.org/web/20220126043400/http://www.freedom-to-tinker.com/?p=674,working
Can History be Open Source? Wikipedia and the Future of the Past,https://rrchnm.org/essays/can-history-be-open-source-wikipedia-and-the-future-of-the-past/,https://rrchnm.org/essays/can-history-be-open-source-wikipedia-and-the-future-of-the-past/#ftn35,working
Can History be Open Source? Wikipedia and the Future of the Past,https://rrchnm.org/essays/can-history-be-open-source-wikipedia-and-the-future-of-the-past/,https://web.archive.org/web/20220126043400/http://en.wikipedia.org/wiki/Abraham_Lincoln,working
Can History be Open Source? Wikipedia and the Future of the Past,https://rrchnm.org/essays/can-history-be-open-source-wikipedia-and-the-future-of-the-past/,https://rrchnm.org/essays/can-history-be-open-source-wikipedia-and-the-future-of-the-past/#ftn36,working
Can History be Open Source? Wikipedia and the Future of the Past,https://rrchnm.org/essays/can-history-be-open-source-wikipedia-and-the-future-of-the-past/,https://rrchnm.org/essays/can-history-be-open-source-wikipedia-and-the-future-of-the-past/#ftn37,working
Can History be Open Source? Wikipedia and the Future of the Past,https://rrchnm.org/essays/can-history-be-open-source-wikipedia-and-the-future-of-the-past/,https://web.archive.org/web/20220126043400/http://en.wikipedia.org/wiki/William_Quantrill,working
Can History be Open Source? Wikipedia and the Future of the Past,https://rrchnm.org/essays/can-history-be-open-source-wikipedia-and-the-future-of-the-past/,https://rrchnm.org/essays/can-history-be-open-source-wikipedia-and-the-future-of-the-past/#ftn38,working
Can History be Open Source? Wikipedia and the Future of the Past,https://rrchnm.org/essays/can-history-be-open-source-wikipedia-and-the-future-of-the-past/,https://web.archive.org/web/20220126043400/http://en.wikipedia.org/wiki/Calvin_Coolidge,working
Can History be Open Source? Wikipedia and the Future of the Past,https://rrchnm.org/essays/can-history-be-open-source-wikipedia-and-the-future-of-the-past/,https://web.archive.org/web/20220126043400/http://en.wikipedia.org/wiki/Eugene_V._Debs,working
Can History be Open Source? Wikipedia and the Future of the Past,https://rrchnm.org/essays/can-history-be-open-source-wikipedia-and-the-future-of-the-past/,https://web.archive.org/web/20220126043400/http://nooilforpacifists.blogspot.com/2005/06/open-source-closed-%20minds.html,status code: 404
Can History be Open Source? Wikipedia and the Future of the Past,https://rrchnm.org/essays/can-history-be-open-source-wikipedia-and-the-future-of-the-past/,https://rrchnm.org/essays/can-history-be-open-source-wikipedia-and-the-future-of-the-past/#ftn39,working
Can History be Open Source? Wikipedia and the Future of the Past,https://rrchnm.org/essays/can-history-be-open-source-wikipedia-and-the-future-of-the-past/,https://web.archive.org/web/20220126043400/http://en.wikipedia.org/wiki/Wikipedia:%20Why_Wikipedia_is_not_so_great,working
Can History be Open Source? Wikipedia and the Future of the Past,https://rrchnm.org/essays/can-history-be-open-source-wikipedia-and-the-future-of-the-past/,https://web.archive.org/web/20220126043400/http://en.wikipedia.org/wiki/Talk:Frederick_Law_Olmsted,working
Can History be Open Source? Wikipedia and the Future of the Past,https://rrchnm.org/essays/can-history-be-open-source-wikipedia-and-the-future-of-the-past/,https://web.archive.org/web/20220126043400/http://news.com.com/2061-10802_3-5980758.html,working
Can History be Open Source? Wikipedia and the Future of the Past,https://rrchnm.org/essays/can-history-be-open-source-wikipedia-and-the-future-of-the-past/,https://web.archive.org/web/20220126043400/http://en.wikipedia.org/wiki/Talk:Jimmy_Wales,working
Can History be Open Source? Wikipedia and the Future of the Past,https://rrchnm.org/essays/can-history-be-open-source-wikipedia-and-the-future-of-the-past/,https://web.archive.org/web/20220126043400/http://en.wikipedia.org/wiki/Wikipedia:Autobiography#If_-%20Wikipedia_already_has_an_article_about_you,working
Can History be Open Source? Wikipedia and the Future of the Past,https://rrchnm.org/essays/can-history-be-open-source-wikipedia-and-the-future-of-the-past/,"https://web.archive.org/web/20220126043400/http://www.timesonline.co.uk/article/0,,1-1948005,00.html",working
Can History be Open Source? Wikipedia and the Future of the Past,https://rrchnm.org/essays/can-history-be-open-source-wikipedia-and-the-future-of-the-past/,https://web.archive.org/web/20220126043400/http://en.wikinews.org/wiki/%20Congressional_staff_actions_prompt_Wikipedia_investigation,working
Can History be Open Source? Wikipedia and the Future of the Past,https://rrchnm.org/essays/can-history-be-open-source-wikipedia-and-the-future-of-the-past/,https://rrchnm.org/essays/can-history-be-open-source-wikipedia-and-the-future-of-the-past/#ftn40,working
Can History be Open Source? Wikipedia and the Future of the Past,https://rrchnm.org/essays/can-history-be-open-source-wikipedia-and-the-future-of-the-past/,https://web.archive.org/web/20220126043400/http://en.wikipedia.org/wiki/-Franklin_Delano_Roosevelt,status code: 404
Can History be Open Source? Wikipedia and the Future of the Past,https://rrchnm.org/essays/can-history-be-open-source-wikipedia-and-the-future-of-the-past/,https://rrchnm.org/essays/can-history-be-open-source-wikipedia-and-the-future-of-the-past/#ftn41,working
Can History be Open Source? Wikipedia and the Future of the Past,https://rrchnm.org/essays/can-history-be-open-source-wikipedia-and-the-future-of-the-past/,https://rrchnm.org/essays/can-history-be-open-source-wikipedia-and-the-future-of-the-past/#ftn42,working
Can History be Open Source? Wikipedia and the Future of the Past,https://rrchnm.org/essays/can-history-be-open-source-wikipedia-and-the-future-of-the-past/,https://web.archive.org/web/20220126043400/http://csdl.computer.org/comp/proceedings/hicss/2005/2268/04/%2022680099a.pdf,working
Can History be Open Source? Wikipedia and the Future of the Past,https://rrchnm.org/essays/can-history-be-open-source-wikipedia-and-the-future-of-the-past/,https://rrchnm.org/essays/can-history-be-open-source-wikipedia-and-the-future-of-the-past/#ftn43,working
Can History be Open Source? Wikipedia and the Future of the Past,https://rrchnm.org/essays/can-history-be-open-source-wikipedia-and-the-future-of-the-past/,https://web.archive.org/web/20220126043400/http://en.wikipedia.org/wiki/Wikipedia:%20Replies_to_common_objections,working
Can History be Open Source? Wikipedia and the Future of the Past,https://rrchnm.org/essays/can-history-be-open-source-wikipedia-and-the-future-of-the-past/,https://rrchnm.org/essays/can-history-be-open-source-wikipedia-and-the-future-of-the-past/#ftn44,working
Can History be Open Source? Wikipedia and the Future of the Past,https://rrchnm.org/essays/can-history-be-open-source-wikipedia-and-the-future-of-the-past/,https://rrchnm.org/essays/can-history-be-open-source-wikipedia-and-the-future-of-the-past/#ftn45,working
Can History be Open Source? Wikipedia and the Future of the Past,https://rrchnm.org/essays/can-history-be-open-source-wikipedia-and-the-future-of-the-past/,"https://web.archive.org/web/20220126043400/http://en.wikipedia.org/w/index.php?title=Syracuse,_New_York&diff=%20prev&oldid=5526247",working
Can History be Open Source? Wikipedia and the Future of the Past,https://rrchnm.org/essays/can-history-be-open-source-wikipedia-and-the-future-of-the-past/,https://web.archive.org/web/20220126043400/http://www.frozennorth.org/C2011481421/E652809545/,working
Can History be Open Source? Wikipedia and the Future of the Past,https://rrchnm.org/essays/can-history-be-open-source-wikipedia-and-the-future-of-the-past/,https://web.archive.org/web/20220126043400/http://blog.commerce.net/archives/2004/09/decentralized_a.html,status code: 404
Can History be Open Source? Wikipedia and the Future of the Past,https://rrchnm.org/essays/can-history-be-open-source-wikipedia-and-the-future-of-the-past/,https://web.archive.org/web/20220126043400/http://domino.research.ibm.com/cambridge/research.nsf/%20a1d792857da52f638525630f004e7ab8/53240210b04ea0eb85256f7300567f7e?%20OpenDocument,status code: 404
Can History be Open Source? Wikipedia and the Future of the Past,https://rrchnm.org/essays/can-history-be-open-source-wikipedia-and-the-future-of-the-past/,https://rrchnm.org/essays/can-history-be-open-source-wikipedia-and-the-future-of-the-past/#ftn46,working
Can History be Open Source? Wikipedia and the Future of the Past,https://rrchnm.org/essays/can-history-be-open-source-wikipedia-and-the-future-of-the-past/,https://web.archive.org/web/20220126043400/http://features.slashdot.org/comments.pl?sid=146479&threshold=1&%20commentsort=0&mode=thread&cid=12276095,working
Can History be Open Source? Wikipedia and the Future of the Past,https://rrchnm.org/essays/can-history-be-open-source-wikipedia-and-the-future-of-the-past/,https://web.archive.org/web/20220126043400/http://en.wikipedia.org/wikistats/EN/TablesDatabaseEdits.htm,working
Can History be Open Source? Wikipedia and the Future of the Past,https://rrchnm.org/essays/can-history-be-open-source-wikipedia-and-the-future-of-the-past/,https://rrchnm.org/essays/can-history-be-open-source-wikipedia-and-the-future-of-the-past/#ftn47,working
Can History be Open Source? Wikipedia and the Future of the Past,https://rrchnm.org/essays/can-history-be-open-source-wikipedia-and-the-future-of-the-past/,https://web.archive.org/web/20220126043400/http://en.wikipedia.org/wiki/John_Seigenthaler_Sr.%20_Wikipedia_biography_controversy,working
Can History be Open Source? Wikipedia and the Future of the Past,https://rrchnm.org/essays/can-history-be-open-source-wikipedia-and-the-future-of-the-past/,https://web.archive.org/web/20220126043400/http://en.wikipedia.org/wiki/John_Seigenthaler_Sr.,working
Can History be Open Source? Wikipedia and the Future of the Past,https://rrchnm.org/essays/can-history-be-open-source-wikipedia-and-the-future-of-the-past/,https://web.archive.org/web/20220126043400/http://www.usatoday.com/news/opinion/editorials/2005-11-29-%20wikipedia-edit_x.htm,status code: 404
Can History be Open Source? Wikipedia and the Future of the Past,https://rrchnm.org/essays/can-history-be-open-source-wikipedia-and-the-future-of-the-past/,https://rrchnm.org/essays/can-history-be-open-source-wikipedia-and-the-future-of-the-past/#ftn48,working
Can History be Open Source? Wikipedia and the Future of the Past,https://rrchnm.org/essays/can-history-be-open-source-wikipedia-and-the-future-of-the-past/,https://web.archive.org/web/20220126043400/http://www.usatoday.com/tech/news/techpolicy/2005-12-06-wikipedia-%20truth_x.htm,status code: 404
Can History be Open Source? Wikipedia and the Future of the Past,https://rrchnm.org/essays/can-history-be-open-source-wikipedia-and-the-future-of-the-past/,"https://web.archive.org/web/20220126043400/http://www.technologyreview.com/Blogs/wtr_15974,292,p1.html",status code: 404
Can History be Open Source? Wikipedia and the Future of the Past,https://rrchnm.org/essays/can-history-be-open-source-wikipedia-and-the-future-of-the-past/,https://rrchnm.org/essays/can-history-be-open-source-wikipedia-and-the-future-of-the-past/#ftn49,working
Can History be Open Source? Wikipedia and the Future of the Past,https://rrchnm.org/essays/can-history-be-open-source-wikipedia-and-the-future-of-the-past/,https://rrchnm.org/essays/can-history-be-open-source-wikipedia-and-the-future-of-the-past/#ftn50,working
Can History be Open Source? Wikipedia and the Future of the Past,https://rrchnm.org/essays/can-history-be-open-source-wikipedia-and-the-future-of-the-past/,https://rrchnm.org/essays/can-history-be-open-source-wikipedia-and-the-future-of-the-past/#ftn51,working
Can History be Open Source? Wikipedia and the Future of the Past,https://rrchnm.org/essays/can-history-be-open-source-wikipedia-and-the-future-of-the-past/,https://web.archive.org/web/20220126043400/http://en.wikipedia.org/w/index.php?title=Watergate_scandal&action%20=history,working
Can History be Open Source? Wikipedia and the Future of the Past,https://rrchnm.org/essays/can-history-be-open-source-wikipedia-and-the-future-of-the-past/,https://web.archive.org/web/20220126043400/http://online.wsj.com/public/article/SB111937345541365397-%20C9Z_jEOnlmcAqpHtdvX4upR6r7A_20050723.html,status code: 404
Can History be Open Source? Wikipedia and the Future of the Past,https://rrchnm.org/essays/can-history-be-open-source-wikipedia-and-the-future-of-the-past/,https://web.archive.org/web/20220126043400/http://en.wikipedia.org/w/index.php?title=Korean_War&diff=15663363%20&oldid=15663246,working
Can History be Open Source? Wikipedia and the Future of the Past,https://rrchnm.org/essays/can-history-be-open-source-wikipedia-and-the-future-of-the-past/,https://rrchnm.org/essays/can-history-be-open-source-wikipedia-and-the-future-of-the-past/#ftn52,working
Can History be Open Source? Wikipedia and the Future of the Past,https://rrchnm.org/essays/can-history-be-open-source-wikipedia-and-the-future-of-the-past/,https://web.archive.org/web/20220126043400/http://chnm.gmu.edu/resources/essays/essay.php?id=32,working
Can History be Open Source? Wikipedia and the Future of the Past,https://rrchnm.org/essays/can-history-be-open-source-wikipedia-and-the-future-of-the-past/,https://web.archive.org/web/20220126043400/http://firstmonday.org/issues/issue10_12/cohen/index.html,status code: 404
Can History be Open Source? Wikipedia and the Future of the Past,https://rrchnm.org/essays/can-history-be-open-source-wikipedia-and-the-future-of-the-past/,https://rrchnm.org/essays/can-history-be-open-source-wikipedia-and-the-future-of-the-past/#ftn53,working
Can History be Open Source? Wikipedia and the Future of the Past,https://rrchnm.org/essays/can-history-be-open-source-wikipedia-and-the-future-of-the-past/,https://web.archive.org/web/20220126043400/http://www.wikinfo.org/wiki.php?title=Critical_views_of_Wikipedia,working
Can History be Open Source? Wikipedia and the Future of the Past,https://rrchnm.org/essays/can-history-be-open-source-wikipedia-and-the-future-of-the-past/,https://web.archive.org/web/20220126043400/http://www.corante.com/many/archives/2005/01/03/%20k5_article_on_Wikipedia_antielitism.php,status code: 403
Can History be Open Source? Wikipedia and the Future of the Past,https://rrchnm.org/essays/can-history-be-open-source-wikipedia-and-the-future-of-the-past/,https://web.archive.org/web/20220126043400/http://dystopiabox.blogspot.com/,working
Can History be Open Source? Wikipedia and the Future of the Past,https://rrchnm.org/essays/can-history-be-open-source-wikipedia-and-the-future-of-the-past/,https://web.archive.org/web/20220126043400/http://www.answers.com/main/ir/about_company.jsp,status code: 404
Can History be Open Source? Wikipedia and the Future of the Past,https://rrchnm.org/essays/can-history-be-open-source-wikipedia-and-the-future-of-the-past/,https://rrchnm.org/essays/can-history-be-open-source-wikipedia-and-the-future-of-the-past/#ftn54,working
Can History be Open Source? Wikipedia and the Future of the Past,https://rrchnm.org/essays/can-history-be-open-source-wikipedia-and-the-future-of-the-past/,https://web.archive.org/web/20220126043400/http://www.corante.com/many/archives/2005/01/04/%20academia_and_wikipedia.php,status code: 403
Can History be Open Source? Wikipedia and the Future of the Past,https://rrchnm.org/essays/can-history-be-open-source-wikipedia-and-the-future-of-the-past/,https://web.archive.org/web/20220126043400/http://www.corante.com/many/archives/2005/01/03/%20k5_article_on_Wikipedia_antielitism.php,status code: 403
Can History be Open Source? Wikipedia and the Future of the Past,https://rrchnm.org/essays/can-history-be-open-source-wikipedia-and-the-future-of-the-past/,https://rrchnm.org/essays/can-history-be-open-source-wikipedia-and-the-future-of-the-past/#ftn55,working
Can History be Open Source? Wikipedia and the Future of the Past,https://rrchnm.org/essays/can-history-be-open-source-wikipedia-and-the-future-of-the-past/,https://web.archive.org/web/20220126043400/http://chnm.gmu.edu/resources/essays/essay.php?id=2,working
Can History be Open Source? Wikipedia and the Future of the Past,https://rrchnm.org/essays/can-history-be-open-source-wikipedia-and-the-future-of-the-past/,https://rrchnm.org/essays/can-history-be-open-source-wikipedia-and-the-future-of-the-past/#ftn56,working
Can History be Open Source? Wikipedia and the Future of the Past,https://rrchnm.org/essays/can-history-be-open-source-wikipedia-and-the-future-of-the-past/,https://web.archive.org/web/20220126043400/http://en.wikipedia.org/wiki/%20Blocking_of_Wikipedia_in_mainland_China,working
Can History be Open Source? Wikipedia and the Future of the Past,https://rrchnm.org/essays/can-history-be-open-source-wikipedia-and-the-future-of-the-past/,https://rrchnm.org/essays/can-history-be-open-source-wikipedia-and-the-future-of-the-past/#ftn57,working
Can History be Open Source? Wikipedia and the Future of the Past,https://rrchnm.org/essays/can-history-be-open-source-wikipedia-and-the-future-of-the-past/,https://web.archive.org/web/20220126043400/http://en.wikipedia.org/wiki/Verifiability,working
Can History be Open Source? Wikipedia and the Future of the Past,https://rrchnm.org/essays/can-history-be-open-source-wikipedia-and-the-future-of-the-past/,https://web.archive.org/web/20220126043400/http://en.wikipedia.org/wiki/Wikipedia:Wiki%20Project_History,status code: 404
Can History be Open Source? Wikipedia and the Future of the Past,https://rrchnm.org/essays/can-history-be-open-source-wikipedia-and-the-future-of-the-past/,https://rrchnm.org/essays/can-history-be-open-source-wikipedia-and-the-future-of-the-past/#ftn58,working
Can History be Open Source? Wikipedia and the Future of the Past,https://rrchnm.org/essays/can-history-be-open-source-wikipedia-and-the-future-of-the-past/,https://web.archive.org/web/20220126043400/http://en.wikipedia.org/wiki/Wikipedia:Abundance_and_redundancy,working
Can History be Open Source? Wikipedia and the Future of the Past,https://rrchnm.org/essays/can-history-be-open-source-wikipedia-and-the-future-of-the-past/,https://web.archive.org/web/20220126043400/http://en.wikipedia.org/wiki/Talk:Scopes_Trial,working
Can History be Open Source? Wikipedia and the Future of the Past,https://rrchnm.org/essays/can-history-be-open-source-wikipedia-and-the-future-of-the-past/,https://rrchnm.org/essays/can-history-be-open-source-wikipedia-and-the-future-of-the-past/#ftn59,working
Can History be Open Source? Wikipedia and the Future of the Past,https://rrchnm.org/essays/can-history-be-open-source-wikipedia-and-the-future-of-the-past/,https://web.archive.org/web/20220126043400/http://en.wikipedia.org/wiki/Wikipedia:What_is_a_featured_article,working
Can History be Open Source? Wikipedia and the Future of the Past,https://rrchnm.org/essays/can-history-be-open-source-wikipedia-and-the-future-of-the-past/,https://web.archive.org/web/20220126043400/http://en.wikipedia.org/wiki/Wikipedia:Peer_review,working
Can History be Open Source? Wikipedia and the Future of the Past,https://rrchnm.org/essays/can-history-be-open-source-wikipedia-and-the-future-of-the-past/,https://rrchnm.org/essays/can-history-be-open-source-wikipedia-and-the-future-of-the-past/#ftn60,working
Can History be Open Source? Wikipedia and the Future of the Past,https://rrchnm.org/essays/can-history-be-open-source-wikipedia-and-the-future-of-the-past/,https://rrchnm.org/essays/can-history-be-open-source-wikipedia-and-the-future-of-the-past/#ftn61,working
Can History be Open Source? Wikipedia and the Future of the Past,https://rrchnm.org/essays/can-history-be-open-source-wikipedia-and-the-future-of-the-past/,https://rrchnm.org/essays/can-history-be-open-source-wikipedia-and-the-future-of-the-past/#ftn62,working
Can History be Open Source? Wikipedia and the Future of the Past,https://rrchnm.org/essays/can-history-be-open-source-wikipedia-and-the-future-of-the-past/,https://rrchnm.org/essays/can-history-be-open-source-wikipedia-and-the-future-of-the-past/#ftn63,working
Can History be Open Source? Wikipedia and the Future of the Past,https://rrchnm.org/essays/can-history-be-open-source-wikipedia-and-the-future-of-the-past/,https://web.archive.org/web/20220126043400/http://www.h-net.org/~shgape/,working
Can History be Open Source? Wikipedia and the Future of the Past,https://rrchnm.org/essays/can-history-be-open-source-wikipedia-and-the-future-of-the-past/,https://rrchnm.org/essays/can-history-be-open-source-wikipedia-and-the-future-of-the-past/#ftn64,working
Can History be Open Source? Wikipedia and the Future of the Past,https://rrchnm.org/essays/can-history-be-open-source-wikipedia-and-the-future-of-the-past/,https://web.archive.org/web/20220126043400/http://en.wikipedia.org/wiki/User:JHK,working
Can History be Open Source? Wikipedia and the Future of the Past,https://rrchnm.org/essays/can-history-be-open-source-wikipedia-and-the-future-of-the-past/,https://rrchnm.org/essays/can-history-be-open-source-wikipedia-and-the-future-of-the-past/#ftn65,working
Can History be Open Source? Wikipedia and the Future of the Past,https://rrchnm.org/essays/can-history-be-open-source-wikipedia-and-the-future-of-the-past/,https://web.archive.org/web/20220126043400/http://en.wikipedia.org/wiki/No_original_research,status code: 404
Can History be Open Source? Wikipedia and the Future of the Past,https://rrchnm.org/essays/can-history-be-open-source-wikipedia-and-the-future-of-the-past/,https://rrchnm.org/essays/can-history-be-open-source-wikipedia-and-the-future-of-the-past/#ftn66,working
Can History be Open Source? Wikipedia and the Future of the Past,https://rrchnm.org/essays/can-history-be-open-source-wikipedia-and-the-future-of-the-past/,https://rrchnm.org/essays/can-history-be-open-source-wikipedia-and-the-future-of-the-past/#ftn67,working
Can History be Open Source? Wikipedia and the Future of the Past,https://rrchnm.org/essays/can-history-be-open-source-wikipedia-and-the-future-of-the-past/,https://rrchnm.org/essays/can-history-be-open-source-wikipedia-and-the-future-of-the-past/#ftn68,working
Can History be Open Source? Wikipedia and the Future of the Past,https://rrchnm.org/essays/can-history-be-open-source-wikipedia-and-the-future-of-the-past/,https://web.archive.org/web/20220126043400/http://en.wikipedia.org/wiki/Abraham_Lincoln,working
Can History be Open Source? Wikipedia and the Future of the Past,https://rrchnm.org/essays/can-history-be-open-source-wikipedia-and-the-future-of-the-past/,https://rrchnm.org/essays/can-history-be-open-source-wikipedia-and-the-future-of-the-past/#ftn69,working
Can History be Open Source? Wikipedia and the Future of the Past,https://rrchnm.org/essays/can-history-be-open-source-wikipedia-and-the-future-of-the-past/,https://web.archive.org/web/20220126043400/http://en.wikipedia.org/wiki/Warren_G._Harding,working
Can History be Open Source? Wikipedia and the Future of the Past,https://rrchnm.org/essays/can-history-be-open-source-wikipedia-and-the-future-of-the-past/,https://web.archive.org/web/20220126043400/http://en.wikipedia.org/wiki/Woodrow_Wilson,working
Can History be Open Source? Wikipedia and the Future of the Past,https://rrchnm.org/essays/can-history-be-open-source-wikipedia-and-the-future-of-the-past/,https://rrchnm.org/essays/can-history-be-open-source-wikipedia-and-the-future-of-the-past/#ftn70,working
Can History be Open Source? Wikipedia and the Future of the Past,https://rrchnm.org/essays/can-history-be-open-source-wikipedia-and-the-future-of-the-past/,https://web.archive.org/web/20220126043400/http://en.wikipedia.org/wiki/The_Intimate_World_of_Abraham_Lincoln,working
Can History be Open Source? Wikipedia and the Future of the Past,https://rrchnm.org/essays/can-history-be-open-source-wikipedia-and-the-future-of-the-past/,https://web.archive.org/web/20220126043400/http://en.wikipedia.org/wiki/Spanish-American_War,working
Can History be Open Source? Wikipedia and the Future of the Past,https://rrchnm.org/essays/can-history-be-open-source-wikipedia-and-the-future-of-the-past/,https://web.archive.org/web/20220126043400/http://www.s-t.com/daily/02-98/02-15-98/a02wn012.htm,status code: 500
Can History be Open Source? Wikipedia and the Future of the Past,https://rrchnm.org/essays/can-history-be-open-source-wikipedia-and-the-future-of-the-past/,https://rrchnm.org/essays/can-history-be-open-source-wikipedia-and-the-future-of-the-past/#ftn71,working
Can History be Open Source? Wikipedia and the Future of the Past,https://rrchnm.org/essays/can-history-be-open-source-wikipedia-and-the-future-of-the-past/,https://rrchnm.org/essays/can-history-be-open-source-wikipedia-and-the-future-of-the-past/#ftn72,working
Can History be Open Source? Wikipedia and the Future of the Past,https://rrchnm.org/essays/can-history-be-open-source-wikipedia-and-the-future-of-the-past/,https://rrchnm.org/essays/can-history-be-open-source-wikipedia-and-the-future-of-the-past/#ftn73,working
Can History be Open Source? Wikipedia and the Future of the Past,https://rrchnm.org/essays/can-history-be-open-source-wikipedia-and-the-future-of-the-past/,https://rrchnm.org/essays/can-history-be-open-source-wikipedia-and-the-future-of-the-past/#ftn74,working
Can History be Open Source? Wikipedia and the Future of the Past,https://rrchnm.org/essays/can-history-be-open-source-wikipedia-and-the-future-of-the-past/,https://web.archive.org/web/20220126043400/http://www.benkler.org/CoasesPenguin.html,working
Can History be Open Source? Wikipedia and the Future of the Past,https://rrchnm.org/essays/can-history-be-open-source-wikipedia-and-the-future-of-the-past/,https://rrchnm.org/essays/can-history-be-open-source-wikipedia-and-the-future-of-the-past/#ftn75,working
Can History be Open Source? Wikipedia and the Future of the Past,https://rrchnm.org/essays/can-history-be-open-source-wikipedia-and-the-future-of-the-past/,https://web.archive.org/web/20220126043400/http://clickworkers.arc.nasa.gov/documents/crater-marking.pdf,"error: ('Connection broken: IncompleteRead(196192 bytes read, 392929 more expected)', IncompleteRead(196192 bytes read, 392929 more expected))"
Can History be Open Source? Wikipedia and the Future of the Past,https://rrchnm.org/essays/can-history-be-open-source-wikipedia-and-the-future-of-the-past/,https://rrchnm.org/essays/can-history-be-open-source-wikipedia-and-the-future-of-the-past/#ftn76,working
Can History be Open Source? Wikipedia and the Future of the Past,https://rrchnm.org/essays/can-history-be-open-source-wikipedia-and-the-future-of-the-past/,https://web.archive.org/web/20220126043400/http://www.familysearch.org/Eng/Home/News/frameset_news.asp?PAGE=%20home_facts.asp,status code: 404
Can History be Open Source? Wikipedia and the Future of the Past,https://rrchnm.org/essays/can-history-be-open-source-wikipedia-and-the-future-of-the-past/,"https://web.archive.org/web/20220126043400/http://www.lds.org/newsroom/showrelease/0,15503,3881-1-13102,00.%20html",working
Can History be Open Source? Wikipedia and the Future of the Past,https://rrchnm.org/essays/can-history-be-open-source-wikipedia-and-the-future-of-the-past/,https://web.archive.org/web/20220126043400/http://www.familysearch.org/,working
Can History be Open Source? Wikipedia and the Future of the Past,https://rrchnm.org/essays/can-history-be-open-source-wikipedia-and-the-future-of-the-past/,https://web.archive.org/web/20220126043400/http://chnm.gmu.edu/digitalhistory/digitizing/4.php,working
Can History be Open Source? Wikipedia and the Future of the Past,https://rrchnm.org/essays/can-history-be-open-source-wikipedia-and-the-future-of-the-past/,https://rrchnm.org/essays/can-history-be-open-source-wikipedia-and-the-future-of-the-past/#ftn77,working
Can History be Open Source? Wikipedia and the Future of the Past,https://rrchnm.org/essays/can-history-be-open-source-wikipedia-and-the-future-of-the-past/,https://web.archive.org/web/20220126043400/http://www.lexisnexis.com/academic/guides/southern_hist/%20plantations/plantj1.asp,status code: 404
Can History be Open Source? Wikipedia and the Future of the Past,https://rrchnm.org/essays/can-history-be-open-source-wikipedia-and-the-future-of-the-past/,https://web.archive.org/web/20220126043400/http://www.thehenryford.org/research/publications/symposium2004/%20papers/evans.pdf,status code: 404
Can History be Open Source? Wikipedia and the Future of the Past,https://rrchnm.org/essays/can-history-be-open-source-wikipedia-and-the-future-of-the-past/,https://rrchnm.org/essays/can-history-be-open-source-wikipedia-and-the-future-of-the-past/#ftn78,working
Can History be Open Source? Wikipedia and the Future of the Past,https://rrchnm.org/essays/can-history-be-open-source-wikipedia-and-the-future-of-the-past/,https://web.archive.org/web/20220126043400/http://en.wikipedia.org/wikistats/EN/Tables-%20WikipediansContributors.htm,working
Can History be Open Source? Wikipedia and the Future of the Past,https://rrchnm.org/essays/can-history-be-open-source-wikipedia-and-the-future-of-the-past/,https://rrchnm.org/essays/can-history-be-open-source-wikipedia-and-the-future-of-the-past/#ftn79,working
Can History be Open Source? Wikipedia and the Future of the Past,https://rrchnm.org/essays/can-history-be-open-source-wikipedia-and-the-future-of-the-past/,https://web.archive.org/web/20220126043400/http://www.freesoftwaremagazine.com/free_issues/issue_02/%20fud_based_encyclopedia/,working
Can History be Open Source? Wikipedia and the Future of the Past,https://rrchnm.org/essays/can-history-be-open-source-wikipedia-and-the-future-of-the-past/,https://web.archive.org/web/20220126043400/http://planetmath.org/?method=12h&from=collab&id=35&op=getobj,working
Can History be Open Source? Wikipedia and the Future of the Past,https://rrchnm.org/essays/can-history-be-open-source-wikipedia-and-the-future-of-the-past/,https://web.archive.org/web/20220126043400/http://www.dlib.org/dlib/october03/krowne/10krowne.html,working
"Evolution, Intelligent Design, Climate Change, and the Scholarly Ecosystem",https://rrchnm.org/essays/evolution-intelligent-design-climate-change-and-the-scholarly-ecosystem/,https://web.archive.org/web/20220629183214/http://www.nap.edu/staff/mjensen/iacrl/index.html,working
"Evolution, Intelligent Design, Climate Change, and the Scholarly Ecosystem",https://rrchnm.org/essays/evolution-intelligent-design-climate-change-and-the-scholarly-ecosystem/,https://web.archive.org/web/20220629183214/http://www.acls.org/03am/davidson.pdf,status code: 404
"Evolution, Intelligent Design, Climate Change, and the Scholarly Ecosystem",https://rrchnm.org/essays/evolution-intelligent-design-climate-change-and-the-scholarly-ecosystem/,https://web.archive.org/web/20220629183214/http://www.nap.edu/,working
"Evolution, Intelligent Design, Climate Change, and the Scholarly Ecosystem",https://rrchnm.org/essays/evolution-intelligent-design-climate-change-and-the-scholarly-ecosystem/,https://web.archive.org/web/20220629183214/http://www.nationalacademies.org/,working
"Evolution, Intelligent Design, Climate Change, and the Scholarly Ecosystem",https://rrchnm.org/essays/evolution-intelligent-design-climate-change-and-the-scholarly-ecosystem/,https://web.archive.org/web/20220629183214/http://www.nap.edu/books/0309095042/html/222.html,working
"Evolution, Intelligent Design, Climate Change, and the Scholarly Ecosystem",https://rrchnm.org/essays/evolution-intelligent-design-climate-change-and-the-scholarly-ecosystem/,https://web.archive.org/web/20220629183214/http://darwin.nap.edu/nap-cgi/skimit.cgi?recid=11150&chap=57-114,working
"Evolution, Intelligent Design, Climate Change, and the Scholarly Ecosystem",https://rrchnm.org/essays/evolution-intelligent-design-climate-change-and-the-scholarly-ecosystem/,https://web.archive.org/web/20220629183214/http://www.nap.edu/nap-cgi/constr3.cgi?isbn=0309095042&chap=57-114&act=dashboard,status code: 404
"Evolution, Intelligent Design, Climate Change, and the Scholarly Ecosystem",https://rrchnm.org/essays/evolution-intelligent-design-climate-change-and-the-scholarly-ecosystem/,https://web.archive.org/web/20220629183214/http://lab.nap.edu/nap-cgi/reffind5.cgi,status code: 404
"Evolution, Intelligent Design, Climate Change, and the Scholarly Ecosystem",https://rrchnm.org/essays/evolution-intelligent-design-climate-change-and-the-scholarly-ecosystem/,https://web.archive.org/web/20220629183214/http://www.oreillynet.com/pub/a/oreilly/tim/news/2005/09/30/what-is-web-20.html,working
"Evolution, Intelligent Design, Climate Change, and the Scholarly Ecosystem",https://rrchnm.org/essays/evolution-intelligent-design-climate-change-and-the-scholarly-ecosystem/,https://web.archive.org/web/20220629183214/http://www.technorati.com/,working
"Evolution, Intelligent Design, Climate Change, and the Scholarly Ecosystem",https://rrchnm.org/essays/evolution-intelligent-design-climate-change-and-the-scholarly-ecosystem/,https://web.archive.org/web/20220629183214/http://www.flickr.com/,working
"Evolution, Intelligent Design, Climate Change, and the Scholarly Ecosystem",https://rrchnm.org/essays/evolution-intelligent-design-climate-change-and-the-scholarly-ecosystem/,https://web.archive.org/web/20220629183214/http://www.myspace.com/,working
"Evolution, Intelligent Design, Climate Change, and the Scholarly Ecosystem",https://rrchnm.org/essays/evolution-intelligent-design-climate-change-and-the-scholarly-ecosystem/,https://web.archive.org/web/20220629183214/http://www.craigslist.com/,working
"Evolution, Intelligent Design, Climate Change, and the Scholarly Ecosystem",https://rrchnm.org/essays/evolution-intelligent-design-climate-change-and-the-scholarly-ecosystem/,https://web.archive.org/web/20220629183214/http://www.boingboing.net/,working
"Evolution, Intelligent Design, Climate Change, and the Scholarly Ecosystem",https://rrchnm.org/essays/evolution-intelligent-design-climate-change-and-the-scholarly-ecosystem/,https://web.archive.org/web/20220629183214/http://video.google.com/,working
"Evolution, Intelligent Design, Climate Change, and the Scholarly Ecosystem",https://rrchnm.org/essays/evolution-intelligent-design-climate-change-and-the-scholarly-ecosystem/,https://web.archive.org/web/20220629183214/http://www.ssrc.org/,working
"Evolution, Intelligent Design, Climate Change, and the Scholarly Ecosystem",https://rrchnm.org/essays/evolution-intelligent-design-climate-change-and-the-scholarly-ecosystem/,https://web.archive.org/web/20220629183214/http://www.nap.edu/staff/mjensen/hv-mit.htm,working
"Evolution, Intelligent Design, Climate Change, and the Scholarly Ecosystem",https://rrchnm.org/essays/evolution-intelligent-design-climate-change-and-the-scholarly-ecosystem/,https://web.archive.org/web/20220629183214/http://www.historycooperative.org/,working
From Babel to Knowledge: Data Mining Large Digital Collections,https://rrchnm.org/essays/from-babel-to-knowledge-data-mining-large-digital-collections/,https://web.archive.org/web/20220629185233/https://rrchnm.org/essay/from-babel-to-knowledge-data-mining-large-digital-collections/#_edn1,working
From Babel to Knowledge: Data Mining Large Digital Collections,https://rrchnm.org/essays/from-babel-to-knowledge-data-mining-large-digital-collections/,https://web.archive.org/web/20220629185233/https://rrchnm.org/essay/from-babel-to-knowledge-data-mining-large-digital-collections/#_edn2,working
From Babel to Knowledge: Data Mining Large Digital Collections,https://rrchnm.org/essays/from-babel-to-knowledge-data-mining-large-digital-collections/,https://web.archive.org/web/20220629185233/https://rrchnm.org/essay/from-babel-to-knowledge-data-mining-large-digital-collections/#_edn3,working
From Babel to Knowledge: Data Mining Large Digital Collections,https://rrchnm.org/essays/from-babel-to-knowledge-data-mining-large-digital-collections/,https://web.archive.org/web/20220629185233/https://rrchnm.org/essay/from-babel-to-knowledge-data-mining-large-digital-collections/#_edn4,working
From Babel to Knowledge: Data Mining Large Digital Collections,https://rrchnm.org/essays/from-babel-to-knowledge-data-mining-large-digital-collections/,https://web.archive.org/web/20220629185233/https://rrchnm.org/essay/from-babel-to-knowledge-data-mining-large-digital-collections/#_edn5,working
From Babel to Knowledge: Data Mining Large Digital Collections,https://rrchnm.org/essays/from-babel-to-knowledge-data-mining-large-digital-collections/,https://web.archive.org/web/20220629185233/https://rrchnm.org/essay/from-babel-to-knowledge-data-mining-large-digital-collections/#_edn6,working
From Babel to Knowledge: Data Mining Large Digital Collections,https://rrchnm.org/essays/from-babel-to-knowledge-data-mining-large-digital-collections/,https://web.archive.org/web/20220629185233/https://rrchnm.org/essay/from-babel-to-knowledge-data-mining-large-digital-collections/#_edn7,working
From Babel to Knowledge: Data Mining Large Digital Collections,https://rrchnm.org/essays/from-babel-to-knowledge-data-mining-large-digital-collections/,https://web.archive.org/web/20220629185233/https://rrchnm.org/essay/from-babel-to-knowledge-data-mining-large-digital-collections/#_edn8,working
From Babel to Knowledge: Data Mining Large Digital Collections,https://rrchnm.org/essays/from-babel-to-knowledge-data-mining-large-digital-collections/,https://web.archive.org/web/20220629185233/https://rrchnm.org/essay/from-babel-to-knowledge-data-mining-large-digital-collections/#_edn9,working
From Babel to Knowledge: Data Mining Large Digital Collections,https://rrchnm.org/essays/from-babel-to-knowledge-data-mining-large-digital-collections/,https://web.archive.org/web/20220629185233/https://rrchnm.org/essay/from-babel-to-knowledge-data-mining-large-digital-collections/#_edn10,working
From Babel to Knowledge: Data Mining Large Digital Collections,https://rrchnm.org/essays/from-babel-to-knowledge-data-mining-large-digital-collections/,https://web.archive.org/web/20220629185233/https://rrchnm.org/essay/from-babel-to-knowledge-data-mining-large-digital-collections/#_edn11,working
From Babel to Knowledge: Data Mining Large Digital Collections,https://rrchnm.org/essays/from-babel-to-knowledge-data-mining-large-digital-collections/,https://web.archive.org/web/20220629185233/https://rrchnm.org/essay/from-babel-to-knowledge-data-mining-large-digital-collections/#_edn12,working
From Babel to Knowledge: Data Mining Large Digital Collections,https://rrchnm.org/essays/from-babel-to-knowledge-data-mining-large-digital-collections/,https://web.archive.org/web/20220629185233/https://rrchnm.org/essay/from-babel-to-knowledge-data-mining-large-digital-collections/#_ednref1,working
From Babel to Knowledge: Data Mining Large Digital Collections,https://rrchnm.org/essays/from-babel-to-knowledge-data-mining-large-digital-collections/,https://web.archive.org/web/20220629185233/http://chnm.gmu.edu/tools/syllabi/,status code: 404
From Babel to Knowledge: Data Mining Large Digital Collections,https://rrchnm.org/essays/from-babel-to-knowledge-data-mining-large-digital-collections/,https://web.archive.org/web/20220629185233/https://rrchnm.org/essay/from-babel-to-knowledge-data-mining-large-digital-collections/#_ednref2,working
From Babel to Knowledge: Data Mining Large Digital Collections,https://rrchnm.org/essays/from-babel-to-knowledge-data-mining-large-digital-collections/,https://web.archive.org/web/20220629185233/http://www.google.com/apis/,working
From Babel to Knowledge: Data Mining Large Digital Collections,https://rrchnm.org/essays/from-babel-to-knowledge-data-mining-large-digital-collections/,https://web.archive.org/web/20220629185233/https://rrchnm.org/essay/from-babel-to-knowledge-data-mining-large-digital-collections/#_ednref3,working
From Babel to Knowledge: Data Mining Large Digital Collections,https://rrchnm.org/essays/from-babel-to-knowledge-data-mining-large-digital-collections/,https://web.archive.org/web/20220629185233/https://rrchnm.org/essay/from-babel-to-knowledge-data-mining-large-digital-collections/#_ednref4,working
From Babel to Knowledge: Data Mining Large Digital Collections,https://rrchnm.org/essays/from-babel-to-knowledge-data-mining-large-digital-collections/,https://web.archive.org/web/20220629185233/https://rrchnm.org/essay/from-babel-to-knowledge-data-mining-large-digital-collections/#_ednref5,working
From Babel to Knowledge: Data Mining Large Digital Collections,https://rrchnm.org/essays/from-babel-to-knowledge-data-mining-large-digital-collections/,https://web.archive.org/web/20220629185233/http://opencontent.org/ocwfinder/,status code: 404
From Babel to Knowledge: Data Mining Large Digital Collections,https://rrchnm.org/essays/from-babel-to-knowledge-data-mining-large-digital-collections/,https://web.archive.org/web/20220629185233/https://rrchnm.org/essay/from-babel-to-knowledge-data-mining-large-digital-collections/#_ednref6,working
From Babel to Knowledge: Data Mining Large Digital Collections,https://rrchnm.org/essays/from-babel-to-knowledge-data-mining-large-digital-collections/,https://web.archive.org/web/20220629185233/http://developer.yahoo.net/search/content/V1/termExtraction.html,working
From Babel to Knowledge: Data Mining Large Digital Collections,https://rrchnm.org/essays/from-babel-to-knowledge-data-mining-large-digital-collections/,https://web.archive.org/web/20220629185233/https://rrchnm.org/essay/from-babel-to-knowledge-data-mining-large-digital-collections/#_ednref7,working
From Babel to Knowledge: Data Mining Large Digital Collections,https://rrchnm.org/essays/from-babel-to-knowledge-data-mining-large-digital-collections/,https://web.archive.org/web/20220629185233/https://rrchnm.org/essay/from-babel-to-knowledge-data-mining-large-digital-collections/#_ednref8,working
From Babel to Knowledge: Data Mining Large Digital Collections,https://rrchnm.org/essays/from-babel-to-knowledge-data-mining-large-digital-collections/,https://web.archive.org/web/20220629185233/http://trec.nist.gov/,working
From Babel to Knowledge: Data Mining Large Digital Collections,https://rrchnm.org/essays/from-babel-to-knowledge-data-mining-large-digital-collections/,https://web.archive.org/web/20220629185233/http://trec.nist.gov/pubs/trec13/papers/QA.OVERVIEW.pdf,working
From Babel to Knowledge: Data Mining Large Digital Collections,https://rrchnm.org/essays/from-babel-to-knowledge-data-mining-large-digital-collections/,https://web.archive.org/web/20220629185233/http://trec.nist.gov/pubs/trec13/papers/itc-irst-tanev.web.qa.pdf,working
From Babel to Knowledge: Data Mining Large Digital Collections,https://rrchnm.org/essays/from-babel-to-knowledge-data-mining-large-digital-collections/,https://web.archive.org/web/20220629185233/https://rrchnm.org/essay/from-babel-to-knowledge-data-mining-large-digital-collections/#_ednref9,working
From Babel to Knowledge: Data Mining Large Digital Collections,https://rrchnm.org/essays/from-babel-to-knowledge-data-mining-large-digital-collections/,https://web.archive.org/web/20220629185233/http://chnm.gmu.edu/tools/h-bot/,status code: 404
From Babel to Knowledge: Data Mining Large Digital Collections,https://rrchnm.org/essays/from-babel-to-knowledge-data-mining-large-digital-collections/,https://web.archive.org/web/20220629185233/https://rrchnm.org/essay/from-babel-to-knowledge-data-mining-large-digital-collections/#_ednref10,working
From Babel to Knowledge: Data Mining Large Digital Collections,https://rrchnm.org/essays/from-babel-to-knowledge-data-mining-large-digital-collections/,https://web.archive.org/web/20220629185233/http://arxiv.org/abs/cs/0412098,working
From Babel to Knowledge: Data Mining Large Digital Collections,https://rrchnm.org/essays/from-babel-to-knowledge-data-mining-large-digital-collections/,https://web.archive.org/web/20220629185233/http://firstmonday.org/issues/issue10_12/cohen,status code: 404
From Babel to Knowledge: Data Mining Large Digital Collections,https://rrchnm.org/essays/from-babel-to-knowledge-data-mining-large-digital-collections/,https://web.archive.org/web/20220629185233/https://rrchnm.org/essay/from-babel-to-knowledge-data-mining-large-digital-collections/#_ednref11,working
From Babel to Knowledge: Data Mining Large Digital Collections,https://rrchnm.org/essays/from-babel-to-knowledge-data-mining-large-digital-collections/,https://web.archive.org/web/20220629185233/http://hurricanearchive.org/,working
From Babel to Knowledge: Data Mining Large Digital Collections,https://rrchnm.org/essays/from-babel-to-knowledge-data-mining-large-digital-collections/,https://web.archive.org/web/20220629185233/https://rrchnm.org/essay/from-babel-to-knowledge-data-mining-large-digital-collections/#_ednref12,working
From Babel to Knowledge: Data Mining Large Digital Collections,https://rrchnm.org/essays/from-babel-to-knowledge-data-mining-large-digital-collections/,https://web.archive.org/web/20220629185233/http://www.opencontentalliance.org/,working
From Babel to Knowledge: Data Mining Large Digital Collections,https://rrchnm.org/essays/from-babel-to-knowledge-data-mining-large-digital-collections/,https://web.archive.org/web/20220629185233/http://books.google.com/,working
Ways of Seeing: Evidence and Learning in the History Classroom,https://rrchnm.org/essays/ways-of-seeing-evidence-and-learning-in-the-history-classroom/,https://web.archive.org/web/20220629192824/https://rrchnm.org/essay/ways-of-seeing-evidence-and-learning-in-the-history-classroom/#f*,working
Ways of Seeing: Evidence and Learning in the History Classroom,https://rrchnm.org/essays/ways-of-seeing-evidence-and-learning-in-the-history-classroom/,https://web.archive.org/web/20220629192824/https://rrchnm.org/essay/ways-of-seeing-evidence-and-learning-in-the-history-classroom/#f1,working
Ways of Seeing: Evidence and Learning in the History Classroom,https://rrchnm.org/essays/ways-of-seeing-evidence-and-learning-in-the-history-classroom/,https://web.archive.org/web/20220629192824/https://rrchnm.org/essay/ways-of-seeing-evidence-and-learning-in-the-history-classroom/#f2,working
Ways of Seeing: Evidence and Learning in the History Classroom,https://rrchnm.org/essays/ways-of-seeing-evidence-and-learning-in-the-history-classroom/,https://web.archive.org/web/20220629192824/https://rrchnm.org/essay/ways-of-seeing-evidence-and-learning-in-the-history-classroom/#f3,working
Ways of Seeing: Evidence and Learning in the History Classroom,https://rrchnm.org/essays/ways-of-seeing-evidence-and-learning-in-the-history-classroom/,https://web.archive.org/web/20220629192824/https://rrchnm.org/essay/ways-of-seeing-evidence-and-learning-in-the-history-classroom/#f4,working
Ways of Seeing: Evidence and Learning in the History Classroom,https://rrchnm.org/essays/ways-of-seeing-evidence-and-learning-in-the-history-classroom/,https://web.archive.org/web/20220629192824/http://crossroads.georgetown.edu/vkp/,status code: 404
Ways of Seeing: Evidence and Learning in the History Classroom,https://rrchnm.org/essays/ways-of-seeing-evidence-and-learning-in-the-history-classroom/,https://web.archive.org/web/20220629192824/https://rrchnm.org/essay/ways-of-seeing-evidence-and-learning-in-the-history-classroom/#f5,working
Ways of Seeing: Evidence and Learning in the History Classroom,https://rrchnm.org/essays/ways-of-seeing-evidence-and-learning-in-the-history-classroom/,https://web.archive.org/web/20220629192824/https://rrchnm.org/essay/ways-of-seeing-evidence-and-learning-in-the-history-classroom/#f6,working
Ways of Seeing: Evidence and Learning in the History Classroom,https://rrchnm.org/essays/ways-of-seeing-evidence-and-learning-in-the-history-classroom/,https://web.archive.org/web/20220629192824/https://rrchnm.org/essay/ways-of-seeing-evidence-and-learning-in-the-history-classroom/#f7,working
Ways of Seeing: Evidence and Learning in the History Classroom,https://rrchnm.org/essays/ways-of-seeing-evidence-and-learning-in-the-history-classroom/,https://web.archive.org/web/20220629192824/https://rrchnm.org/essay/ways-of-seeing-evidence-and-learning-in-the-history-classroom/#f8,working
Ways of Seeing: Evidence and Learning in the History Classroom,https://rrchnm.org/essays/ways-of-seeing-evidence-and-learning-in-the-history-classroom/,https://web.archive.org/web/20220629192824/https://rrchnm.org/essay/ways-of-seeing-evidence-and-learning-in-the-history-classroom/#f9,working
Ways of Seeing: Evidence and Learning in the History Classroom,https://rrchnm.org/essays/ways-of-seeing-evidence-and-learning-in-the-history-classroom/,https://web.archive.org/web/20220629192824/https://rrchnm.org/essay/ways-of-seeing-evidence-and-learning-in-the-history-classroom/#f10,working
Ways of Seeing: Evidence and Learning in the History Classroom,https://rrchnm.org/essays/ways-of-seeing-evidence-and-learning-in-the-history-classroom/,https://web.archive.org/web/20220629192824/https://rrchnm.org/essay/ways-of-seeing-evidence-and-learning-in-the-history-classroom/#f11,working
Ways of Seeing: Evidence and Learning in the History Classroom,https://rrchnm.org/essays/ways-of-seeing-evidence-and-learning-in-the-history-classroom/,https://web.archive.org/web/20220629192824/https://rrchnm.org/essay/ways-of-seeing-evidence-and-learning-in-the-history-classroom/#f12,working
Ways of Seeing: Evidence and Learning in the History Classroom,https://rrchnm.org/essays/ways-of-seeing-evidence-and-learning-in-the-history-classroom/,https://web.archive.org/web/20220629192824/https://rrchnm.org/essay/ways-of-seeing-evidence-and-learning-in-the-history-classroom/#f13,working
Ways of Seeing: Evidence and Learning in the History Classroom,https://rrchnm.org/essays/ways-of-seeing-evidence-and-learning-in-the-history-classroom/,https://web.archive.org/web/20220629192824/https://rrchnm.org/essay/ways-of-seeing-evidence-and-learning-in-the-history-classroom/#f14,working
Ways of Seeing: Evidence and Learning in the History Classroom,https://rrchnm.org/essays/ways-of-seeing-evidence-and-learning-in-the-history-classroom/,https://web.archive.org/web/20220629192824/https://rrchnm.org/essay/ways-of-seeing-evidence-and-learning-in-the-history-classroom/#f15,working
Ways of Seeing: Evidence and Learning in the History Classroom,https://rrchnm.org/essays/ways-of-seeing-evidence-and-learning-in-the-history-classroom/,https://web.archive.org/web/20220629192824/https://rrchnm.org/essay/ways-of-seeing-evidence-and-learning-in-the-history-classroom/#f16,working
Ways of Seeing: Evidence and Learning in the History Classroom,https://rrchnm.org/essays/ways-of-seeing-evidence-and-learning-in-the-history-classroom/,https://web.archive.org/web/20220629192824/https://rrchnm.org/essay/ways-of-seeing-evidence-and-learning-in-the-history-classroom/#f17,working
Ways of Seeing: Evidence and Learning in the History Classroom,https://rrchnm.org/essays/ways-of-seeing-evidence-and-learning-in-the-history-classroom/,https://web.archive.org/web/20220629192824/https://rrchnm.org/essay/ways-of-seeing-evidence-and-learning-in-the-history-classroom/#f18,working
Ways of Seeing: Evidence and Learning in the History Classroom,https://rrchnm.org/essays/ways-of-seeing-evidence-and-learning-in-the-history-classroom/,https://web.archive.org/web/20220629192824/https://rrchnm.org/essay/ways-of-seeing-evidence-and-learning-in-the-history-classroom/#f19,working
Ways of Seeing: Evidence and Learning in the History Classroom,https://rrchnm.org/essays/ways-of-seeing-evidence-and-learning-in-the-history-classroom/,https://web.archive.org/web/20220629192824/https://rrchnm.org/essay/ways-of-seeing-evidence-and-learning-in-the-history-classroom/#f20,working
Ways of Seeing: Evidence and Learning in the History Classroom,https://rrchnm.org/essays/ways-of-seeing-evidence-and-learning-in-the-history-classroom/,https://web.archive.org/web/20220629192824/https://rrchnm.org/essay/ways-of-seeing-evidence-and-learning-in-the-history-classroom/#f21,working
Ways of Seeing: Evidence and Learning in the History Classroom,https://rrchnm.org/essays/ways-of-seeing-evidence-and-learning-in-the-history-classroom/,https://web.archive.org/web/20220629192824/https://rrchnm.org/essay/ways-of-seeing-evidence-and-learning-in-the-history-classroom/#f22,working
Ways of Seeing: Evidence and Learning in the History Classroom,https://rrchnm.org/essays/ways-of-seeing-evidence-and-learning-in-the-history-classroom/,https://web.archive.org/web/20220629192824/https://rrchnm.org/essay/ways-of-seeing-evidence-and-learning-in-the-history-classroom/#f23,working
Ways of Seeing: Evidence and Learning in the History Classroom,https://rrchnm.org/essays/ways-of-seeing-evidence-and-learning-in-the-history-classroom/,https://web.archive.org/web/20220629192824/https://rrchnm.org/essay/ways-of-seeing-evidence-and-learning-in-the-history-classroom/#f24,working
Ways of Seeing: Evidence and Learning in the History Classroom,https://rrchnm.org/essays/ways-of-seeing-evidence-and-learning-in-the-history-classroom/,https://web.archive.org/web/20220629192824/https://rrchnm.org/essay/ways-of-seeing-evidence-and-learning-in-the-history-classroom/#f25,working
Ways of Seeing: Evidence and Learning in the History Classroom,https://rrchnm.org/essays/ways-of-seeing-evidence-and-learning-in-the-history-classroom/,https://web.archive.org/web/20220629192824/https://rrchnm.org/essay/ways-of-seeing-evidence-and-learning-in-the-history-classroom/#f26,working
Ways of Seeing: Evidence and Learning in the History Classroom,https://rrchnm.org/essays/ways-of-seeing-evidence-and-learning-in-the-history-classroom/,https://web.archive.org/web/20220629192824/https://rrchnm.org/essay/ways-of-seeing-evidence-and-learning-in-the-history-classroom/#f27,working
Ways of Seeing: Evidence and Learning in the History Classroom,https://rrchnm.org/essays/ways-of-seeing-evidence-and-learning-in-the-history-classroom/,https://web.archive.org/web/20220629192824/https://rrchnm.org/essay/ways-of-seeing-evidence-and-learning-in-the-history-classroom/#f28,working
Ways of Seeing: Evidence and Learning in the History Classroom,https://rrchnm.org/essays/ways-of-seeing-evidence-and-learning-in-the-history-classroom/,https://web.archive.org/web/20220629192824/https://rrchnm.org/essay/ways-of-seeing-evidence-and-learning-in-the-history-classroom/#f29,working
Ways of Seeing: Evidence and Learning in the History Classroom,https://rrchnm.org/essays/ways-of-seeing-evidence-and-learning-in-the-history-classroom/,https://web.archive.org/web/20220629192824/https://rrchnm.org/essay/ways-of-seeing-evidence-and-learning-in-the-history-classroom/#f30,working
Ways of Seeing: Evidence and Learning in the History Classroom,https://rrchnm.org/essays/ways-of-seeing-evidence-and-learning-in-the-history-classroom/,https://web.archive.org/web/20220629192824/https://rrchnm.org/essay/ways-of-seeing-evidence-and-learning-in-the-history-classroom/#f31,working
Ways of Seeing: Evidence and Learning in the History Classroom,https://rrchnm.org/essays/ways-of-seeing-evidence-and-learning-in-the-history-classroom/,https://web.archive.org/web/20220629192824/https://rrchnm.org/essay/ways-of-seeing-evidence-and-learning-in-the-history-classroom/#f32,working
Ways of Seeing: Evidence and Learning in the History Classroom,https://rrchnm.org/essays/ways-of-seeing-evidence-and-learning-in-the-history-classroom/,https://web.archive.org/web/20220629192824/https://rrchnm.org/essay/ways-of-seeing-evidence-and-learning-in-the-history-classroom/#f33,working
Ways of Seeing: Evidence and Learning in the History Classroom,https://rrchnm.org/essays/ways-of-seeing-evidence-and-learning-in-the-history-classroom/,https://web.archive.org/web/20220629192824/https://rrchnm.org/essay/ways-of-seeing-evidence-and-learning-in-the-history-classroom/#f34,working
Ways of Seeing: Evidence and Learning in the History Classroom,https://rrchnm.org/essays/ways-of-seeing-evidence-and-learning-in-the-history-classroom/,https://web.archive.org/web/20220629192824/https://rrchnm.org/essay/ways-of-seeing-evidence-and-learning-in-the-history-classroom/#f35,working
Ways of Seeing: Evidence and Learning in the History Classroom,https://rrchnm.org/essays/ways-of-seeing-evidence-and-learning-in-the-history-classroom/,https://web.archive.org/web/20220629192824/https://rrchnm.org/essay/ways-of-seeing-evidence-and-learning-in-the-history-classroom/#f36,working
Ways of Seeing: Evidence and Learning in the History Classroom,https://rrchnm.org/essays/ways-of-seeing-evidence-and-learning-in-the-history-classroom/,https://web.archive.org/web/20220629192824/https://rrchnm.org/essay/ways-of-seeing-evidence-and-learning-in-the-history-classroom/#f37,working
Ways of Seeing: Evidence and Learning in the History Classroom,https://rrchnm.org/essays/ways-of-seeing-evidence-and-learning-in-the-history-classroom/,https://web.archive.org/web/20220629192824/https://rrchnm.org/essay/ways-of-seeing-evidence-and-learning-in-the-history-classroom/#f38,working
Ways of Seeing: Evidence and Learning in the History Classroom,https://rrchnm.org/essays/ways-of-seeing-evidence-and-learning-in-the-history-classroom/,https://web.archive.org/web/20220629192824/https://rrchnm.org/essay/ways-of-seeing-evidence-and-learning-in-the-history-classroom/#f39,working
Ways of Seeing: Evidence and Learning in the History Classroom,https://rrchnm.org/essays/ways-of-seeing-evidence-and-learning-in-the-history-classroom/,https://web.archive.org/web/20220629192824/https://rrchnm.org/essay/ways-of-seeing-evidence-and-learning-in-the-history-classroom/#f40,working
Ways of Seeing: Evidence and Learning in the History Classroom,https://rrchnm.org/essays/ways-of-seeing-evidence-and-learning-in-the-history-classroom/,https://web.archive.org/web/20220629192824/https://rrchnm.org/essay/ways-of-seeing-evidence-and-learning-in-the-history-classroom/#f41,working
Ways of Seeing: Evidence and Learning in the History Classroom,https://rrchnm.org/essays/ways-of-seeing-evidence-and-learning-in-the-history-classroom/,https://web.archive.org/web/20220629192824/https://rrchnm.org/essay/ways-of-seeing-evidence-and-learning-in-the-history-classroom/#f42,working
Ways of Seeing: Evidence and Learning in the History Classroom,https://rrchnm.org/essays/ways-of-seeing-evidence-and-learning-in-the-history-classroom/,https://web.archive.org/web/20220629192824/https://rrchnm.org/essay/ways-of-seeing-evidence-and-learning-in-the-history-classroom/#f43,working
Ways of Seeing: Evidence and Learning in the History Classroom,https://rrchnm.org/essays/ways-of-seeing-evidence-and-learning-in-the-history-classroom/,https://web.archive.org/web/20220629192824/https://rrchnm.org/essay/ways-of-seeing-evidence-and-learning-in-the-history-classroom/#f44,working
Ways of Seeing: Evidence and Learning in the History Classroom,https://rrchnm.org/essays/ways-of-seeing-evidence-and-learning-in-the-history-classroom/,https://web.archive.org/web/20220629192824/https://rrchnm.org/essay/ways-of-seeing-evidence-and-learning-in-the-history-classroom/#f45,working
Ways of Seeing: Evidence and Learning in the History Classroom,https://rrchnm.org/essays/ways-of-seeing-evidence-and-learning-in-the-history-classroom/,https://web.archive.org/web/20220629192824/https://rrchnm.org/essay/ways-of-seeing-evidence-and-learning-in-the-history-classroom/#f46,working
Ways of Seeing: Evidence and Learning in the History Classroom,https://rrchnm.org/essays/ways-of-seeing-evidence-and-learning-in-the-history-classroom/,https://web.archive.org/web/20220629192824/https://rrchnm.org/essay/ways-of-seeing-evidence-and-learning-in-the-history-classroom/#f47,working
Ways of Seeing: Evidence and Learning in the History Classroom,https://rrchnm.org/essays/ways-of-seeing-evidence-and-learning-in-the-history-classroom/,https://web.archive.org/web/20220629192824/https://rrchnm.org/essay/ways-of-seeing-evidence-and-learning-in-the-history-classroom/#f48,working
Ways of Seeing: Evidence and Learning in the History Classroom,https://rrchnm.org/essays/ways-of-seeing-evidence-and-learning-in-the-history-classroom/,https://web.archive.org/web/20220629192824/https://rrchnm.org/essay/ways-of-seeing-evidence-and-learning-in-the-history-classroom/#f49,working
Ways of Seeing: Evidence and Learning in the History Classroom,https://rrchnm.org/essays/ways-of-seeing-evidence-and-learning-in-the-history-classroom/,https://web.archive.org/web/20220629192824/mailto:coventrm@georgetown.edu,working
Ways of Seeing: Evidence and Learning in the History Classroom,https://rrchnm.org/essays/ways-of-seeing-evidence-and-learning-in-the-history-classroom/,https://web.archive.org/web/20220629192824/mailto:pfelten@elon.edu,working
Ways of Seeing: Evidence and Learning in the History Classroom,https://rrchnm.org/essays/ways-of-seeing-evidence-and-learning-in-the-history-classroom/,https://web.archive.org/web/20220629192824/mailto:djaffee@ccny.cuny.edu,working
Ways of Seeing: Evidence and Learning in the History Classroom,https://rrchnm.org/essays/ways-of-seeing-evidence-and-learning-in-the-history-classroom/,https://web.archive.org/web/20220629192824/mailto:cecilia_oleary@csmb.edu,status code: 404
Ways of Seeing: Evidence and Learning in the History Classroom,https://rrchnm.org/essays/ways-of-seeing-evidence-and-learning-in-the-history-classroom/,https://web.archive.org/web/20220629192824/mailto:tracey.weis@millersville.edu,working
Ways of Seeing: Evidence and Learning in the History Classroom,https://rrchnm.org/essays/ways-of-seeing-evidence-and-learning-in-the-history-classroom/,https://web.archive.org/web/20220629192824/https://rrchnm.org/essay/ways-of-seeing-evidence-and-learning-in-the-history-classroom/#t*,working
Ways of Seeing: Evidence and Learning in the History Classroom,https://rrchnm.org/essays/ways-of-seeing-evidence-and-learning-in-the-history-classroom/,https://web.archive.org/web/20220629192824/http://crossroads.georgetown.edu/vkp/,status code: 404
Ways of Seeing: Evidence and Learning in the History Classroom,https://rrchnm.org/essays/ways-of-seeing-evidence-and-learning-in-the-history-classroom/,https://web.archive.org/web/20220629192824/http://www.historycooperative.org/journals/jah/92.4/kornblith.html,working
Ways of Seeing: Evidence and Learning in the History Classroom,https://rrchnm.org/essays/ways-of-seeing-evidence-and-learning-in-the-history-classroom/,https://web.archive.org/web/20220629192824/https://rrchnm.org/essay/ways-of-seeing-evidence-and-learning-in-the-history-classroom/#t1,working
Ways of Seeing: Evidence and Learning in the History Classroom,https://rrchnm.org/essays/ways-of-seeing-evidence-and-learning-in-the-history-classroom/,https://web.archive.org/web/20220629192824/http://www.doiiit.gmu.edu/Archives/feb98/randybass.htm,working
Ways of Seeing: Evidence and Learning in the History Classroom,https://rrchnm.org/essays/ways-of-seeing-evidence-and-learning-in-the-history-classroom/,https://web.archive.org/web/20220629192824/https://rrchnm.org/essay/ways-of-seeing-evidence-and-learning-in-the-history-classroom/#t2,working
Ways of Seeing: Evidence and Learning in the History Classroom,https://rrchnm.org/essays/ways-of-seeing-evidence-and-learning-in-the-history-classroom/,https://web.archive.org/web/20220629192824/https://rrchnm.org/essay/ways-of-seeing-evidence-and-learning-in-the-history-classroom/#t3,working
Ways of Seeing: Evidence and Learning in the History Classroom,https://rrchnm.org/essays/ways-of-seeing-evidence-and-learning-in-the-history-classroom/,https://web.archive.org/web/20220629192824/http://crossroads.georgetown.edu/vkp/,status code: 404
Ways of Seeing: Evidence and Learning in the History Classroom,https://rrchnm.org/essays/ways-of-seeing-evidence-and-learning-in-the-history-classroom/,https://web.archive.org/web/20220629192824/http://www.atlanticphilanthropies.org/areas_of_support/earlier_programs.asp,working
Ways of Seeing: Evidence and Learning in the History Classroom,https://rrchnm.org/essays/ways-of-seeing-evidence-and-learning-in-the-history-classroom/,https://web.archive.org/web/20220629192824/https://rrchnm.org/essay/ways-of-seeing-evidence-and-learning-in-the-history-classroom/#t4,working
Ways of Seeing: Evidence and Learning in the History Classroom,https://rrchnm.org/essays/ways-of-seeing-evidence-and-learning-in-the-history-classroom/,https://web.archive.org/web/20220629192824/https://rrchnm.org/essay/ways-of-seeing-evidence-and-learning-in-the-history-classroom/#t5,working
Ways of Seeing: Evidence and Learning in the History Classroom,https://rrchnm.org/essays/ways-of-seeing-evidence-and-learning-in-the-history-classroom/,https://web.archive.org/web/20220629192824/https://rrchnm.org/essay/ways-of-seeing-evidence-and-learning-in-the-history-classroom/#t6,working
Ways of Seeing: Evidence and Learning in the History Classroom,https://rrchnm.org/essays/ways-of-seeing-evidence-and-learning-in-the-history-classroom/,https://web.archive.org/web/20220629192824/https://rrchnm.org/essay/ways-of-seeing-evidence-and-learning-in-the-history-classroom/#t7,working
Ways of Seeing: Evidence and Learning in the History Classroom,https://rrchnm.org/essays/ways-of-seeing-evidence-and-learning-in-the-history-classroom/,https://web.archive.org/web/20220629192824/https://rrchnm.org/essay/ways-of-seeing-evidence-and-learning-in-the-history-classroom/#t8,working
Ways of Seeing: Evidence and Learning in the History Classroom,https://rrchnm.org/essays/ways-of-seeing-evidence-and-learning-in-the-history-classroom/,https://web.archive.org/web/20220629192824/https://rrchnm.org/essay/ways-of-seeing-evidence-and-learning-in-the-history-classroom/#t9,working
Ways of Seeing: Evidence and Learning in the History Classroom,https://rrchnm.org/essays/ways-of-seeing-evidence-and-learning-in-the-history-classroom/,https://web.archive.org/web/20220629192824/http://historymatters.gmu.edu/browse/makesense/,working
Ways of Seeing: Evidence and Learning in the History Classroom,https://rrchnm.org/essays/ways-of-seeing-evidence-and-learning-in-the-history-classroom/,https://web.archive.org/web/20220629192824/http://web.gc.cuny.edu/ashp/LTLNMC/,working
Ways of Seeing: Evidence and Learning in the History Classroom,https://rrchnm.org/essays/ways-of-seeing-evidence-and-learning-in-the-history-classroom/,https://web.archive.org/web/20220629192824/https://rrchnm.org/essay/ways-of-seeing-evidence-and-learning-in-the-history-classroom/#t10,working
Ways of Seeing: Evidence and Learning in the History Classroom,https://rrchnm.org/essays/ways-of-seeing-evidence-and-learning-in-the-history-classroom/,https://web.archive.org/web/20220629192824/http://crossroads.georgetown.edu/vkp/themes/poster_showcase_writing.htm,status code: 404
Ways of Seeing: Evidence and Learning in the History Classroom,https://rrchnm.org/essays/ways-of-seeing-evidence-and-learning-in-the-history-classroom/,https://web.archive.org/web/20220629192824/http://chnm.gmu.edu/aq/,working
Ways of Seeing: Evidence and Learning in the History Classroom,https://rrchnm.org/essays/ways-of-seeing-evidence-and-learning-in-the-history-classroom/,https://web.archive.org/web/20220629192824/http://www.vcdh.virginia.edu/AHR/,working
Ways of Seeing: Evidence and Learning in the History Classroom,https://rrchnm.org/essays/ways-of-seeing-evidence-and-learning-in-the-history-classroom/,https://web.archive.org/web/20220629192824/https://rrchnm.org/essay/ways-of-seeing-evidence-and-learning-in-the-history-classroom/#t11,working
Ways of Seeing: Evidence and Learning in the History Classroom,https://rrchnm.org/essays/ways-of-seeing-evidence-and-learning-in-the-history-classroom/,https://web.archive.org/web/20220629192824/http://www.vcdh.virginia.edu/AHR/,working
Ways of Seeing: Evidence and Learning in the History Classroom,https://rrchnm.org/essays/ways-of-seeing-evidence-and-learning-in-the-history-classroom/,https://web.archive.org/web/20220629192824/https://rrchnm.org/essay/ways-of-seeing-evidence-and-learning-in-the-history-classroom/#t12,working
Ways of Seeing: Evidence and Learning in the History Classroom,https://rrchnm.org/essays/ways-of-seeing-evidence-and-learning-in-the-history-classroom/,https://web.archive.org/web/20220629192824/https://rrchnm.org/essay/ways-of-seeing-evidence-and-learning-in-the-history-classroom/#t13,working
Ways of Seeing: Evidence and Learning in the History Classroom,https://rrchnm.org/essays/ways-of-seeing-evidence-and-learning-in-the-history-classroom/,https://web.archive.org/web/20220629192824/https://rrchnm.org/essay/ways-of-seeing-evidence-and-learning-in-the-history-classroom/#t14,working
Ways of Seeing: Evidence and Learning in the History Classroom,https://rrchnm.org/essays/ways-of-seeing-evidence-and-learning-in-the-history-classroom/,https://web.archive.org/web/20220629192824/http://www.ccny.cuny.edu/humanities/jaffee/nyc/exer2.html,status code: 404
Ways of Seeing: Evidence and Learning in the History Classroom,https://rrchnm.org/essays/ways-of-seeing-evidence-and-learning-in-the-history-classroom/,https://web.archive.org/web/20220629192824/https://rrchnm.org/essay/ways-of-seeing-evidence-and-learning-in-the-history-classroom/#t15,working
Ways of Seeing: Evidence and Learning in the History Classroom,https://rrchnm.org/essays/ways-of-seeing-evidence-and-learning-in-the-history-classroom/,https://web.archive.org/web/20220629192824/https://rrchnm.org/essay/ways-of-seeing-evidence-and-learning-in-the-history-classroom/#t16,working
Ways of Seeing: Evidence and Learning in the History Classroom,https://rrchnm.org/essays/ways-of-seeing-evidence-and-learning-in-the-history-classroom/,https://web.archive.org/web/20220629192824/https://rrchnm.org/essay/ways-of-seeing-evidence-and-learning-in-the-history-classroom/#t17,working
Ways of Seeing: Evidence and Learning in the History Classroom,https://rrchnm.org/essays/ways-of-seeing-evidence-and-learning-in-the-history-classroom/,https://web.archive.org/web/20220629192824/https://rrchnm.org/essay/ways-of-seeing-evidence-and-learning-in-the-history-classroom/#t18,working
Ways of Seeing: Evidence and Learning in the History Classroom,https://rrchnm.org/essays/ways-of-seeing-evidence-and-learning-in-the-history-classroom/,https://web.archive.org/web/20220629192824/https://rrchnm.org/essay/ways-of-seeing-evidence-and-learning-in-the-history-classroom/#t19,working
Ways of Seeing: Evidence and Learning in the History Classroom,https://rrchnm.org/essays/ways-of-seeing-evidence-and-learning-in-the-history-classroom/,https://web.archive.org/web/20220629192824/https://rrchnm.org/essay/ways-of-seeing-evidence-and-learning-in-the-history-classroom/#t20,working
Ways of Seeing: Evidence and Learning in the History Classroom,https://rrchnm.org/essays/ways-of-seeing-evidence-and-learning-in-the-history-classroom/,https://web.archive.org/web/20220629192824/https://rrchnm.org/essay/ways-of-seeing-evidence-and-learning-in-the-history-classroom/#t21,working
Ways of Seeing: Evidence and Learning in the History Classroom,https://rrchnm.org/essays/ways-of-seeing-evidence-and-learning-in-the-history-classroom/,https://web.archive.org/web/20220629192824/https://rrchnm.org/essay/ways-of-seeing-evidence-and-learning-in-the-history-classroom/#t22,working
Ways of Seeing: Evidence and Learning in the History Classroom,https://rrchnm.org/essays/ways-of-seeing-evidence-and-learning-in-the-history-classroom/,https://web.archive.org/web/20220629192824/https://rrchnm.org/essay/ways-of-seeing-evidence-and-learning-in-the-history-classroom/#t23,working
Ways of Seeing: Evidence and Learning in the History Classroom,https://rrchnm.org/essays/ways-of-seeing-evidence-and-learning-in-the-history-classroom/,https://web.archive.org/web/20220629192824/http://muweb.%20millersville.edu/~ugrr/272,status code: 404
Ways of Seeing: Evidence and Learning in the History Classroom,https://rrchnm.org/essays/ways-of-seeing-evidence-and-learning-in-the-history-classroom/,https://web.archive.org/web/20220629192824/http://muweb.millersville.edu/ugrr/272/tsoutline.pdf,status code: 404
Ways of Seeing: Evidence and Learning in the History Classroom,https://rrchnm.org/essays/ways-of-seeing-evidence-and-learning-in-the-history-classroom/,https://web.archive.org/web/20220629192824/http://www.monticello.org/,working
Ways of Seeing: Evidence and Learning in the History Classroom,https://rrchnm.org/essays/ways-of-seeing-evidence-and-learning-in-the-history-classroom/,https://web.archive.org/web/20220629192824/http://www.cr.nps.gov/goldcres/sites/kingsley.htm,status code: 404
Ways of Seeing: Evidence and Learning in the History Classroom,https://rrchnm.org/essays/ways-of-seeing-evidence-and-learning-in-the-history-classroom/,https://web.archive.org/web/20220629192824/http://www.mountvernon.org/,working
Ways of Seeing: Evidence and Learning in the History Classroom,https://rrchnm.org/essays/ways-of-seeing-evidence-and-learning-in-the-history-classroom/,https://web.archive.org/web/20220629192824/http://seascoastnh.com/blackhistory/ona.html,status code: 404
Ways of Seeing: Evidence and Learning in the History Classroom,https://rrchnm.org/essays/ways-of-seeing-evidence-and-learning-in-the-history-classroom/,https://web.archive.org/web/20220629192824/http://www.colonialwilliamsburg.com/,working
Ways of Seeing: Evidence and Learning in the History Classroom,https://rrchnm.org/essays/ways-of-seeing-evidence-and-learning-in-the-history-classroom/,https://web.archive.org/web/20220629192824/http://www.common-place.org/,working
Ways of Seeing: Evidence and Learning in the History Classroom,https://rrchnm.org/essays/ways-of-seeing-evidence-and-learning-in-the-history-classroom/,https://web.archive.org/web/20220629192824/http://www.cr.nps.gov/aahistory/,working
Ways of Seeing: Evidence and Learning in the History Classroom,https://rrchnm.org/essays/ways-of-seeing-evidence-and-learning-in-the-history-classroom/,https://web.archive.org/web/20220629192824/https://rrchnm.org/essay/ways-of-seeing-evidence-and-learning-in-the-history-classroom/#t24,working
Ways of Seeing: Evidence and Learning in the History Classroom,https://rrchnm.org/essays/ways-of-seeing-evidence-and-learning-in-the-history-classroom/,https://web.archive.org/web/20220629192824/http://www.storycenter.org/memvoice/pages/cookbook.html,status code: 404
Ways of Seeing: Evidence and Learning in the History Classroom,https://rrchnm.org/essays/ways-of-seeing-evidence-and-learning-in-the-history-classroom/,https://web.archive.org/web/20220629192824/http://www.sscnet.ucla.edu/nchs/standards,status code: 404
Ways of Seeing: Evidence and Learning in the History Classroom,https://rrchnm.org/essays/ways-of-seeing-evidence-and-learning-in-the-history-classroom/,https://web.archive.org/web/20220629192824/http://crossroads.georgetown.edu/bkp/newsletter/0902/resorces.html,status code: 404
Ways of Seeing: Evidence and Learning in the History Classroom,https://rrchnm.org/essays/ways-of-seeing-evidence-and-learning-in-the-history-classroom/,https://web.archive.org/web/20220629192824/https://rrchnm.org/essay/ways-of-seeing-evidence-and-learning-in-the-history-classroom/#t25,working
Ways of Seeing: Evidence and Learning in the History Classroom,https://rrchnm.org/essays/ways-of-seeing-evidence-and-learning-in-the-history-classroom/,https://web.archive.org/web/20220629192824/http://muweb.millersville.edu/~ugrr/VKP/triad/vkp.html,working
Ways of Seeing: Evidence and Learning in the History Classroom,https://rrchnm.org/essays/ways-of-seeing-evidence-and-learning-in-the-history-classroom/,https://web.archive.org/web/20220629192824/https://rrchnm.org/essay/ways-of-seeing-evidence-and-learning-in-the-history-classroom/#t26,working
Ways of Seeing: Evidence and Learning in the History Classroom,https://rrchnm.org/essays/ways-of-seeing-evidence-and-learning-in-the-history-classroom/,https://web.archive.org/web/20220629192824/http://www.history.org/Almanack/life/Af_Amer/aalife.cfm,working
Ways of Seeing: Evidence and Learning in the History Classroom,https://rrchnm.org/essays/ways-of-seeing-evidence-and-learning-in-the-history-classroom/,https://web.archive.org/web/20220629192824/https://rrchnm.org/essay/ways-of-seeing-evidence-and-learning-in-the-history-classroom/#t27,working
Ways of Seeing: Evidence and Learning in the History Classroom,https://rrchnm.org/essays/ways-of-seeing-evidence-and-learning-in-the-history-classroom/,https://web.archive.org/web/20220629192824/http://www.common-place.org/vol-01/no-04/slavery/sutton.shtml,status code: 404
Ways of Seeing: Evidence and Learning in the History Classroom,https://rrchnm.org/essays/ways-of-seeing-evidence-and-learning-in-the-history-classroom/,https://web.archive.org/web/20220629192824/https://rrchnm.org/essay/ways-of-seeing-evidence-and-learning-in-the-history-classroom/#t28,working
Ways of Seeing: Evidence and Learning in the History Classroom,https://rrchnm.org/essays/ways-of-seeing-evidence-and-learning-in-the-history-classroom/,https://web.archive.org/web/20220629192824/http://www.common-place.org/vol-01/no-04/slavery/bontemps.shtml,status code: 404
Ways of Seeing: Evidence and Learning in the History Classroom,https://rrchnm.org/essays/ways-of-seeing-evidence-and-learning-in-the-history-classroom/,https://web.archive.org/web/20220629192824/https://rrchnm.org/essay/ways-of-seeing-evidence-and-learning-in-the-history-classroom/#t29,working
Ways of Seeing: Evidence and Learning in the History Classroom,https://rrchnm.org/essays/ways-of-seeing-evidence-and-learning-in-the-history-classroom/,https://web.archive.org/web/20220629192824/https://rrchnm.org/essay/ways-of-seeing-evidence-and-learning-in-the-history-classroom/#t30,working
Ways of Seeing: Evidence and Learning in the History Classroom,https://rrchnm.org/essays/ways-of-seeing-evidence-and-learning-in-the-history-classroom/,https://web.archive.org/web/20220629192824/https://rrchnm.org/essay/ways-of-seeing-evidence-and-learning-in-the-history-classroom/#t31,working
Ways of Seeing: Evidence and Learning in the History Classroom,https://rrchnm.org/essays/ways-of-seeing-evidence-and-learning-in-the-history-classroom/,https://web.archive.org/web/20220629192824/https://rrchnm.org/essay/ways-of-seeing-evidence-and-learning-in-the-history-classroom/#t32,working
Ways of Seeing: Evidence and Learning in the History Classroom,https://rrchnm.org/essays/ways-of-seeing-evidence-and-learning-in-the-history-classroom/,https://web.archive.org/web/20220629192824/https://rrchnm.org/essay/ways-of-seeing-evidence-and-learning-in-the-history-classroom/#t33,working
Ways of Seeing: Evidence and Learning in the History Classroom,https://rrchnm.org/essays/ways-of-seeing-evidence-and-learning-in-the-history-classroom/,https://web.archive.org/web/20220629192824/http://nchs.ucla.edu/standards/thinking5-12_toc.html,status code: 404
Ways of Seeing: Evidence and Learning in the History Classroom,https://rrchnm.org/essays/ways-of-seeing-evidence-and-learning-in-the-history-classroom/,https://web.archive.org/web/20220629192824/https://rrchnm.org/essay/ways-of-seeing-evidence-and-learning-in-the-history-classroom/#t34,working
Ways of Seeing: Evidence and Learning in the History Classroom,https://rrchnm.org/essays/ways-of-seeing-evidence-and-learning-in-the-history-classroom/,https://web.archive.org/web/20220629192824/https://rrchnm.org/essay/ways-of-seeing-evidence-and-learning-in-the-history-classroom/#t35,working
Ways of Seeing: Evidence and Learning in the History Classroom,https://rrchnm.org/essays/ways-of-seeing-evidence-and-learning-in-the-history-classroom/,https://web.archive.org/web/20220629192824/https://rrchnm.org/essay/ways-of-seeing-evidence-and-learning-in-the-history-classroom/#t36,working
Ways of Seeing: Evidence and Learning in the History Classroom,https://rrchnm.org/essays/ways-of-seeing-evidence-and-learning-in-the-history-classroom/,https://web.archive.org/web/20220629192824/https://rrchnm.org/essay/ways-of-seeing-evidence-and-learning-in-the-history-classroom/#t37,working
Ways of Seeing: Evidence and Learning in the History Classroom,https://rrchnm.org/essays/ways-of-seeing-evidence-and-learning-in-the-history-classroom/,https://web.archive.org/web/20220629192824/https://rrchnm.org/essay/ways-of-seeing-evidence-and-learning-in-the-history-classroom/#t38,working
Ways of Seeing: Evidence and Learning in the History Classroom,https://rrchnm.org/essays/ways-of-seeing-evidence-and-learning-in-the-history-classroom/,https://web.archive.org/web/20220629192824/https://rrchnm.org/essay/ways-of-seeing-evidence-and-learning-in-the-history-classroom/#t39,working
Ways of Seeing: Evidence and Learning in the History Classroom,https://rrchnm.org/essays/ways-of-seeing-evidence-and-learning-in-the-history-classroom/,https://web.archive.org/web/20220629192824/https://rrchnm.org/essay/ways-of-seeing-evidence-and-learning-in-the-history-classroom/#t40,working
Ways of Seeing: Evidence and Learning in the History Classroom,https://rrchnm.org/essays/ways-of-seeing-evidence-and-learning-in-the-history-classroom/,https://web.archive.org/web/20220629192824/https://rrchnm.org/essay/ways-of-seeing-evidence-and-learning-in-the-history-classroom/#t41,working
Ways of Seeing: Evidence and Learning in the History Classroom,https://rrchnm.org/essays/ways-of-seeing-evidence-and-learning-in-the-history-classroom/,https://web.archive.org/web/20220629192824/https://rrchnm.org/essay/ways-of-seeing-evidence-and-learning-in-the-history-classroom/#t42,working
Ways of Seeing: Evidence and Learning in the History Classroom,https://rrchnm.org/essays/ways-of-seeing-evidence-and-learning-in-the-history-classroom/,https://web.archive.org/web/20220629192824/https://rrchnm.org/essay/ways-of-seeing-evidence-and-learning-in-the-history-classroom/#t43,working
Ways of Seeing: Evidence and Learning in the History Classroom,https://rrchnm.org/essays/ways-of-seeing-evidence-and-learning-in-the-history-classroom/,https://web.archive.org/web/20220629192824/https://rrchnm.org/essay/ways-of-seeing-evidence-and-learning-in-the-history-classroom/#t44,working
Ways of Seeing: Evidence and Learning in the History Classroom,https://rrchnm.org/essays/ways-of-seeing-evidence-and-learning-in-the-history-classroom/,https://web.archive.org/web/20220629192824/https://rrchnm.org/essay/ways-of-seeing-evidence-and-learning-in-the-history-classroom/#t45,working
Ways of Seeing: Evidence and Learning in the History Classroom,https://rrchnm.org/essays/ways-of-seeing-evidence-and-learning-in-the-history-classroom/,https://web.archive.org/web/20220629192824/https://rrchnm.org/essay/ways-of-seeing-evidence-and-learning-in-the-history-classroom/#t46,working
Ways of Seeing: Evidence and Learning in the History Classroom,https://rrchnm.org/essays/ways-of-seeing-evidence-and-learning-in-the-history-classroom/,https://web.archive.org/web/20220629192824/https://rrchnm.org/essay/ways-of-seeing-evidence-and-learning-in-the-history-classroom/#t47,working
Ways of Seeing: Evidence and Learning in the History Classroom,https://rrchnm.org/essays/ways-of-seeing-evidence-and-learning-in-the-history-classroom/,https://web.archive.org/web/20220629192824/https://rrchnm.org/essay/ways-of-seeing-evidence-and-learning-in-the-history-classroom/#t48,working
Ways of Seeing: Evidence and Learning in the History Classroom,https://rrchnm.org/essays/ways-of-seeing-evidence-and-learning-in-the-history-classroom/,https://web.archive.org/web/20220629192824/https://rrchnm.org/essay/ways-of-seeing-evidence-and-learning-in-the-history-classroom/#t49,working
Web of lies? Historical knowledge on the Internet,https://rrchnm.org/essays/web-of-lies-historical-knowledge-on-the-internet/,https://web.archive.org/web/20220629192749/https://rrchnm.org/essay/web-of-lies-historical-knowledge-on-the-internet/#con,working
Web of lies? Historical knowledge on the Internet,https://rrchnm.org/essays/web-of-lies-historical-knowledge-on-the-internet/,https://web.archive.org/web/20220629192749/https://rrchnm.org/essay/web-of-lies-historical-knowledge-on-the-internet/#con,working
Web of lies? Historical knowledge on the Internet,https://rrchnm.org/essays/web-of-lies-historical-knowledge-on-the-internet/,https://web.archive.org/web/20220629192749/https://rrchnm.org/essay/web-of-lies-historical-knowledge-on-the-internet/#con,working
Web of lies? Historical knowledge on the Internet,https://rrchnm.org/essays/web-of-lies-historical-knowledge-on-the-internet/,https://web.archive.org/web/20220629192749/https://rrchnm.org/essay/web-of-lies-historical-knowledge-on-the-internet/#con,working
Web of lies? Historical knowledge on the Internet,https://rrchnm.org/essays/web-of-lies-historical-knowledge-on-the-internet/,https://web.archive.org/web/20220629192749/https://rrchnm.org/essay/web-of-lies-historical-knowledge-on-the-internet/#con,working
Web of lies? Historical knowledge on the Internet,https://rrchnm.org/essays/web-of-lies-historical-knowledge-on-the-internet/,https://web.archive.org/web/20220629192749/http://chnm.gmu.edu/tools/h-bot,status code: 404
Web of lies? Historical knowledge on the Internet,https://rrchnm.org/essays/web-of-lies-historical-knowledge-on-the-internet/,https://web.archive.org/web/20220629192749/https://rrchnm.org/essay/web-of-lies-historical-knowledge-on-the-internet/#_edn1,working
Web of lies? Historical knowledge on the Internet,https://rrchnm.org/essays/web-of-lies-historical-knowledge-on-the-internet/,https://web.archive.org/web/20220629192749/https://rrchnm.org/essay/web-of-lies-historical-knowledge-on-the-internet/#con,working
Web of lies? Historical knowledge on the Internet,https://rrchnm.org/essays/web-of-lies-historical-knowledge-on-the-internet/,https://web.archive.org/web/20220629192749/https://rrchnm.org/essay/web-of-lies-historical-knowledge-on-the-internet/#con,working
Web of lies? Historical knowledge on the Internet,https://rrchnm.org/essays/web-of-lies-historical-knowledge-on-the-internet/,https://web.archive.org/web/20220629192749/https://rrchnm.org/essay/web-of-lies-historical-knowledge-on-the-internet/#con,working
Web of lies? Historical knowledge on the Internet,https://rrchnm.org/essays/web-of-lies-historical-knowledge-on-the-internet/,https://web.archive.org/web/20220629192749/https://rrchnm.org/essay/web-of-lies-historical-knowledge-on-the-internet/#con,working
Web of lies? Historical knowledge on the Internet,https://rrchnm.org/essays/web-of-lies-historical-knowledge-on-the-internet/,https://web.archive.org/web/20220629192749/https://rrchnm.org/essay/web-of-lies-historical-knowledge-on-the-internet/#con,working
Web of lies? Historical knowledge on the Internet,https://rrchnm.org/essays/web-of-lies-historical-knowledge-on-the-internet/,https://web.archive.org/web/20220629192749/https://rrchnm.org/essay/web-of-lies-historical-knowledge-on-the-internet/#con,working
Web of lies? Historical knowledge on the Internet,https://rrchnm.org/essays/web-of-lies-historical-knowledge-on-the-internet/,https://web.archive.org/web/20220629192749/https://rrchnm.org/essay/web-of-lies-historical-knowledge-on-the-internet/#con,working
Web of lies? Historical knowledge on the Internet,https://rrchnm.org/essays/web-of-lies-historical-knowledge-on-the-internet/,https://web.archive.org/web/20220629192749/https://rrchnm.org/essay/web-of-lies-historical-knowledge-on-the-internet/#con,working
Web of lies? Historical knowledge on the Internet,https://rrchnm.org/essays/web-of-lies-historical-knowledge-on-the-internet/,https://web.archive.org/web/20220629192749/https://rrchnm.org/essay/web-of-lies-historical-knowledge-on-the-internet/#con,working
Web of lies? Historical knowledge on the Internet,https://rrchnm.org/essays/web-of-lies-historical-knowledge-on-the-internet/,https://web.archive.org/web/20220629192749/https://rrchnm.org/essay/web-of-lies-historical-knowledge-on-the-internet/#_edn2,working
Web of lies? Historical knowledge on the Internet,https://rrchnm.org/essays/web-of-lies-historical-knowledge-on-the-internet/,https://web.archive.org/web/20220629192749/https://rrchnm.org/essay/web-of-lies-historical-knowledge-on-the-internet/#_edn3,working
Web of lies? Historical knowledge on the Internet,https://rrchnm.org/essays/web-of-lies-historical-knowledge-on-the-internet/,https://web.archive.org/web/20220629192749/https://rrchnm.org/essay/web-of-lies-historical-knowledge-on-the-internet/#con,working
Web of lies? Historical knowledge on the Internet,https://rrchnm.org/essays/web-of-lies-historical-knowledge-on-the-internet/,https://web.archive.org/web/20220629192749/https://rrchnm.org/essay/web-of-lies-historical-knowledge-on-the-internet/#con,working
Web of lies? Historical knowledge on the Internet,https://rrchnm.org/essays/web-of-lies-historical-knowledge-on-the-internet/,https://web.archive.org/web/20220629192749/https://rrchnm.org/essay/web-of-lies-historical-knowledge-on-the-internet/#con,working
Web of lies? Historical knowledge on the Internet,https://rrchnm.org/essays/web-of-lies-historical-knowledge-on-the-internet/,https://web.archive.org/web/20220629192749/https://rrchnm.org/essay/web-of-lies-historical-knowledge-on-the-internet/#_edn4,working
Web of lies? Historical knowledge on the Internet,https://rrchnm.org/essays/web-of-lies-historical-knowledge-on-the-internet/,https://web.archive.org/web/20220629192749/https://rrchnm.org/essay/web-of-lies-historical-knowledge-on-the-internet/#_edn5,working
Web of lies? Historical knowledge on the Internet,https://rrchnm.org/essays/web-of-lies-historical-knowledge-on-the-internet/,https://web.archive.org/web/20220629192749/https://rrchnm.org/essay/web-of-lies-historical-knowledge-on-the-internet/#_edn6,working
Web of lies? Historical knowledge on the Internet,https://rrchnm.org/essays/web-of-lies-historical-knowledge-on-the-internet/,https://web.archive.org/web/20220629192749/https://rrchnm.org/essay/web-of-lies-historical-knowledge-on-the-internet/#_edn7,working
Web of lies? Historical knowledge on the Internet,https://rrchnm.org/essays/web-of-lies-historical-knowledge-on-the-internet/,https://web.archive.org/web/20220629192749/http://chnm.gmu.edu/,working
Web of lies? Historical knowledge on the Internet,https://rrchnm.org/essays/web-of-lies-historical-knowledge-on-the-internet/,https://web.archive.org/web/20220629192749/https://rrchnm.org/essay/web-of-lies-historical-knowledge-on-the-internet/#_ednref1,working
Web of lies? Historical knowledge on the Internet,https://rrchnm.org/essays/web-of-lies-historical-knowledge-on-the-internet/,https://web.archive.org/web/20220629192749/https://rrchnm.org/essay/web-of-lies-historical-knowledge-on-the-internet/#_ednref2,working
Web of lies? Historical knowledge on the Internet,https://rrchnm.org/essays/web-of-lies-historical-knowledge-on-the-internet/,https://web.archive.org/web/20220629192749/https://rrchnm.org/essay/web-of-lies-historical-knowledge-on-the-internet/#_ednref3,working
Web of lies? Historical knowledge on the Internet,https://rrchnm.org/essays/web-of-lies-historical-knowledge-on-the-internet/,https://web.archive.org/web/20220629192749/https://rrchnm.org/essay/web-of-lies-historical-knowledge-on-the-internet/#_ednref4,working
Web of lies? Historical knowledge on the Internet,https://rrchnm.org/essays/web-of-lies-historical-knowledge-on-the-internet/,https://web.archive.org/web/20220629192749/https://rrchnm.org/essay/web-of-lies-historical-knowledge-on-the-internet/#_ednref5,working
Web of lies? Historical knowledge on the Internet,https://rrchnm.org/essays/web-of-lies-historical-knowledge-on-the-internet/,https://web.archive.org/web/20220629192749/https://rrchnm.org/essay/web-of-lies-historical-knowledge-on-the-internet/#_ednref6,working
Web of lies? Historical knowledge on the Internet,https://rrchnm.org/essays/web-of-lies-historical-knowledge-on-the-internet/,https://web.archive.org/web/20220629192749/https://rrchnm.org/essay/web-of-lies-historical-knowledge-on-the-internet/#_ednref7,working
American Digital History,https://rrchnm.org/essays/american-digital-history/,https://web.archive.org/web/20220629201243/http://www.mith.umd.edu/,working
American Digital History,https://rrchnm.org/essays/american-digital-history/,https://web.archive.org/web/20220629201243/http://chnm.gmu.edu/index1.html,working
American Digital History,https://rrchnm.org/essays/american-digital-history/,https://web.archive.org/web/20220629201243/http://www.vcdh.virginia.edu/,working
American Digital History,https://rrchnm.org/essays/american-digital-history/,https://web.archive.org/web/20220629201243/http://www.iath.virginia.edu/,working
American Digital History,https://rrchnm.org/essays/american-digital-history/,https://web.archive.org/web/20220629201243/http://www.cdh.ucla.edu/,status code: 403
American Digital History,https://rrchnm.org/essays/american-digital-history/,https://web.archive.org/web/20220629201243/http://www.ccarh.org/,working
American Digital History,https://rrchnm.org/essays/american-digital-history/,https://web.archive.org/web/20220629201243/http://matrix.msu.edu/,working
American Digital History,https://rrchnm.org/essays/american-digital-history/,https://web.archive.org/web/20220629201243/http://historymatters.gmu.edu/browse/wwwhistory/,working
American Digital History,https://rrchnm.org/essays/american-digital-history/,https://web.archive.org/web/20220629201243/http://chnm.gmu.edu/projects/index.html,working
American Digital History,https://rrchnm.org/essays/american-digital-history/,https://web.archive.org/web/20220629201243/http://www.vs.rdn.ac.uk/turorial/history,status code: 404
American Digital History,https://rrchnm.org/essays/american-digital-history/,https://web.archive.org/web/20220629201243/http://www.sosig.ac.uk/desire/internet-detective.html,status code: 404
American Digital History,https://rrchnm.org/essays/american-digital-history/,https://web.archive.org/web/20220629201243/http://www.ithaca.edu/library/training/hott.html,working
American Digital History,https://rrchnm.org/essays/american-digital-history/,https://web.archive.org/web/20220629201243/http://lib.nmsu.edu/instruction/evalcrit.html,status code: 404
American Digital History,https://rrchnm.org/essays/american-digital-history/,https://web.archive.org/web/20220629201243/http://www.library.ucla.edu/libraries/college/help/critical/index.htm,status code: 404
American Digital History,https://rrchnm.org/essays/american-digital-history/,https://web.archive.org/web/20220629201243/http://sunsite.berkeley.edu/Libweb/,status code: 404
American Digital History,https://rrchnm.org/essays/american-digital-history/,https://web.archive.org/web/20220629201243/http://academic.brooklyn.cuny.edu/history/core/pics/,working
American Digital History,https://rrchnm.org/essays/american-digital-history/,https://web.archive.org/web/20220629201243/http://www.fordham.edu/halsal/mod/modsbook.html,status code: 404
American Digital History,https://rrchnm.org/essays/american-digital-history/,https://web.archive.org/web/20220629201243/http://cwis.usc.edu/dept/LAS/history/historylab/LAPUHK/index.html,status code: 404
American Digital History,https://rrchnm.org/essays/american-digital-history/,https://web.archive.org/web/20220629201243/http://www.historycooperative.org/journals/ahr/105.5/,status code: 404
American Digital History,https://rrchnm.org/essays/american-digital-history/,https://web.archive.org/web/20220629201243/http://valley.vcdh.virginia.edu/,status code: 421
American Digital History,https://rrchnm.org/essays/american-digital-history/,https://web.archive.org/web/20220629201243/http://riverweb.cet.uiuc.edu/,working
American Digital History,https://rrchnm.org/essays/american-digital-history/,https://web.archive.org/web/20220629201243/http://riverweb1.ad.uiuc.edu/,working
American Digital History,https://rrchnm.org/essays/american-digital-history/,https://web.archive.org/web/20220629201243/http://hi-ce.org/,working
American Digital History,https://rrchnm.org/essays/american-digital-history/,https://web.archive.org/web/20220629201243/http://historymatters.gmu.edu/,working
American Digital History,https://rrchnm.org/essays/american-digital-history/,https://web.archive.org/web/20220629201243/http://www.umuc.edu/,working
American Digital History,https://rrchnm.org/essays/american-digital-history/,https://web.archive.org/web/20220629201243/http://www.umuc.edu/prog/ugp/majors/hist.shtml,working
American Digital History,https://rrchnm.org/essays/american-digital-history/,https://web.archive.org/web/20220629201243/http://riverweb.cet.uiuc.edu/,working
American Digital History,https://rrchnm.org/essays/american-digital-history/,https://web.archive.org/web/20220629201243/http://riverweb1.ad.uiuc.edu/,working
American Digital History,https://rrchnm.org/essays/american-digital-history/,https://web.archive.org/web/20220629201243/http://valley.vcdh.virginia.edu/,status code: 421
American Digital History,https://rrchnm.org/essays/american-digital-history/,https://web.archive.org/web/20220629201243/http://www.vcdh.virginia.edu/civilrightstv,working
American Digital History,https://rrchnm.org/essays/american-digital-history/,https://web.archive.org/web/20220629201243/http://www.vcdh.virginai.edu/reHIST604/index.html,status code: 404
American Digital History,https://rrchnm.org/essays/american-digital-history/,https://web.archive.org/web/20220629201243/http://www.virtualjamestown.org/,working
American Digital History,https://rrchnm.org/essays/american-digital-history/,https://web.archive.org/web/20220629201243/http://jefferson.village.virginia.edu/vcdh/jamestown/,status code: 404
American Digital History,https://rrchnm.org/essays/american-digital-history/,https://web.archive.org/web/20220629201243/http://history.furman.edu/editorials/see.py,status code: 404
American Digital History,https://rrchnm.org/essays/american-digital-history/,https://web.archive.org/web/20220629201243/http://www.oyez.org/oyez/frontpage,working
American Digital History,https://rrchnm.org/essays/american-digital-history/,https://web.archive.org/web/20220629201243/http://www.911digitalarchive.org/,working
American Digital History,https://rrchnm.org/essays/american-digital-history/,https://web.archive.org/web/20220629201243/http://memory.loc.gov/ammem/,working
American Digital History,https://rrchnm.org/essays/american-digital-history/,https://web.archive.org/web/20220629201243/http://www.hti.umich.edu/m/moagrp/,working
American Digital History,https://rrchnm.org/essays/american-digital-history/,https://web.archive.org/web/20220629201243/http://www.law.umkc.edu/faculty/projects/ftrials/ftrials.htm,working
American Digital History,https://rrchnm.org/essays/american-digital-history/,https://web.archive.org/web/20220629201243/http://hitchcock.itc.virginia.edu/Slavery/,working
American Digital History,https://rrchnm.org/essays/american-digital-history/,https://web.archive.org/web/20220629201243/http://cwis.usc.edu/dept/LAS/history/historylab/LAPUHK/index.html,status code: 404
American Digital History,https://rrchnm.org/essays/american-digital-history/,https://web.archive.org/web/20220629201243/http://www.historycooperative.org/journals/ahr/105.5/,status code: 404
Digital Archives Are a Gift of Wisdom to Be Used Wisely,https://rrchnm.org/essays/digital-archives-are-a-gift-of-wisdom-to-be-used-wisely/,https://web.archive.org/web/20220629191136/http://chronicle.com/,working
Digital Archives Are a Gift of Wisdom to Be Used Wisely,https://rrchnm.org/essays/digital-archives-are-a-gift-of-wisdom-to-be-used-wisely/,https://web.archive.org/web/20220629191136/http://chnm.gmu.edu/,working
Digital Archives Are a Gift of Wisdom to Be Used Wisely,https://rrchnm.org/essays/digital-archives-are-a-gift-of-wisdom-to-be-used-wisely/,https://web.archive.org/web/20220629191136/http://memory.loc.gov/ammem,working
Digital Archives Are a Gift of Wisdom to Be Used Wisely,https://rrchnm.org/essays/digital-archives-are-a-gift-of-wisdom-to-be-used-wisely/,https://web.archive.org/web/20220629191136/http://www.pictureaustralia.org/newsarchive.html,status code: 404
Digital Archives Are a Gift of Wisdom to Be Used Wisely,https://rrchnm.org/essays/digital-archives-are-a-gift-of-wisdom-to-be-used-wisely/,https://web.archive.org/web/20220629191136/http://idp.bl.uk/,working
Digital Archives Are a Gift of Wisdom to Be Used Wisely,https://rrchnm.org/essays/digital-archives-are-a-gift-of-wisdom-to-be-used-wisely/,https://web.archive.org/web/20220629191136/http://chnm.gmu.edu/tools/h-bot,status code: 404
Digital Archives Are a Gift of Wisdom to Be Used Wisely,https://rrchnm.org/essays/digital-archives-are-a-gift-of-wisdom-to-be-used-wisely/,https://web.archive.org/web/20220629191136/http://www.besthistorysites.net/about.shtml,status code: 404
Digital Archives Are a Gift of Wisdom to Be Used Wisely,https://rrchnm.org/essays/digital-archives-are-a-gift-of-wisdom-to-be-used-wisely/,https://web.archive.org/web/20220629191136/http://historymatters.gmu.edu/expansion.html,working
Digital Archives Are a Gift of Wisdom to Be Used Wisely,https://rrchnm.org/essays/digital-archives-are-a-gift-of-wisdom-to-be-used-wisely/,https://web.archive.org/web/20220629191136/http://chnm.gmu.edu/worldhistorymatters,working
Digital Archives Are a Gift of Wisdom to Be Used Wisely,https://rrchnm.org/essays/digital-archives-are-a-gift-of-wisdom-to-be-used-wisely/,https://web.archive.org/web/20220629191136/http://www.gale.com/EighteenthCentury,working
Digital Archives Are a Gift of Wisdom to Be Used Wisely,https://rrchnm.org/essays/digital-archives-are-a-gift-of-wisdom-to-be-used-wisely/,https://web.archive.org/web/20220629191136/http://www.il.proquest.com/products/pt-product-HistNews.shtml,status code: 404
Digital Archives Are a Gift of Wisdom to Be Used Wisely,https://rrchnm.org/essays/digital-archives-are-a-gift-of-wisdom-to-be-used-wisely/,https://web.archive.org/web/20220629191136/http:///www.edc.org/CCT/PMA/,working
The Future of Preserving the Past,https://rrchnm.org/essays/the-future-of-preserving-the-past/,https://rrchnm.org/essays/the-future-of-preserving-the-past/#ref1,working
The Future of Preserving the Past,https://rrchnm.org/essays/the-future-of-preserving-the-past/,https://rrchnm.org/essays/the-future-of-preserving-the-past/#ref2,working
The Future of Preserving the Past,https://rrchnm.org/essays/the-future-of-preserving-the-past/,https://rrchnm.org/essays/the-future-of-preserving-the-past/#ref3,working
The Future of Preserving the Past,https://rrchnm.org/essays/the-future-of-preserving-the-past/,https://rrchnm.org/essays/the-future-of-preserving-the-past/#ref4,working
The Future of Preserving the Past,https://rrchnm.org/essays/the-future-of-preserving-the-past/,https://rrchnm.org/essays/the-future-of-preserving-the-past/#ref5,working
The Future of Preserving the Past,https://rrchnm.org/essays/the-future-of-preserving-the-past/,https://rrchnm.org/essays/the-future-of-preserving-the-past/#ref6,working
The Future of Preserving the Past,https://rrchnm.org/essays/the-future-of-preserving-the-past/,https://web.archive.org/web/20211204143257/http://911digitalarchive.org/,working
The Future of Preserving the Past,https://rrchnm.org/essays/the-future-of-preserving-the-past/,https://rrchnm.org/essays/the-future-of-preserving-the-past/#ref7,working
The Future of Preserving the Past,https://rrchnm.org/essays/the-future-of-preserving-the-past/,https://rrchnm.org/essays/the-future-of-preserving-the-past/#ref8,working
The Future of Preserving the Past,https://rrchnm.org/essays/the-future-of-preserving-the-past/,https://rrchnm.org/essays/the-future-of-preserving-the-past/#ref9,working
The Future of Preserving the Past,https://rrchnm.org/essays/the-future-of-preserving-the-past/,https://rrchnm.org/essays/the-future-of-preserving-the-past/#ref10,working
The Future of Preserving the Past,https://rrchnm.org/essays/the-future-of-preserving-the-past/,https://rrchnm.org/essays/the-future-of-preserving-the-past/#ref11,working
The Future of Preserving the Past,https://rrchnm.org/essays/the-future-of-preserving-the-past/,https://rrchnm.org/essays/the-future-of-preserving-the-past/#ref12,working
The Future of Preserving the Past,https://rrchnm.org/essays/the-future-of-preserving-the-past/,https://rrchnm.org/essays/the-future-of-preserving-the-past/#ref13,working
The Future of Preserving the Past,https://rrchnm.org/essays/the-future-of-preserving-the-past/,https://rrchnm.org/essays/the-future-of-preserving-the-past/#ref14,working
The Future of Preserving the Past,https://rrchnm.org/essays/the-future-of-preserving-the-past/,https://rrchnm.org/essays/the-future-of-preserving-the-past/#ref15,working
The Future of Preserving the Past,https://rrchnm.org/essays/the-future-of-preserving-the-past/,https://rrchnm.org/essays/the-future-of-preserving-the-past/#ref16,working
The Future of Preserving the Past,https://rrchnm.org/essays/the-future-of-preserving-the-past/,https://rrchnm.org/essays/the-future-of-preserving-the-past/#ref17,working
The Future of Preserving the Past,https://rrchnm.org/essays/the-future-of-preserving-the-past/,https://rrchnm.org/essays/the-future-of-preserving-the-past/#ref18,working
The Future of Preserving the Past,https://rrchnm.org/essays/the-future-of-preserving-the-past/,https://rrchnm.org/essays/the-future-of-preserving-the-past/#ref19,working
The Future of Preserving the Past,https://rrchnm.org/essays/the-future-of-preserving-the-past/,https://rrchnm.org/essays/the-future-of-preserving-the-past/#ref20,working
The Future of Preserving the Past,https://rrchnm.org/essays/the-future-of-preserving-the-past/,https://rrchnm.org/essays/the-future-of-preserving-the-past/#ref21,working
The Future of Preserving the Past,https://rrchnm.org/essays/the-future-of-preserving-the-past/,https://rrchnm.org/essays/the-future-of-preserving-the-past/#ref22,working
The Future of Preserving the Past,https://rrchnm.org/essays/the-future-of-preserving-the-past/,https://rrchnm.org/essays/the-future-of-preserving-the-past/#ref23,working
The Future of Preserving the Past,https://rrchnm.org/essays/the-future-of-preserving-the-past/,https://rrchnm.org/essays/the-future-of-preserving-the-past/#ref24,working
The Future of Preserving the Past,https://rrchnm.org/essays/the-future-of-preserving-the-past/,https://rrchnm.org/essays/the-future-of-preserving-the-past/#ref25,working
The Future of Preserving the Past,https://rrchnm.org/essays/the-future-of-preserving-the-past/,https://rrchnm.org/essays/the-future-of-preserving-the-past/#ref26,working
The Future of Preserving the Past,https://rrchnm.org/essays/the-future-of-preserving-the-past/,mailto:dcohen@gmu.edu,error: No connection adapters were found for 'mailto:dcohen@gmu.edu'
The Future of Preserving the Past,https://rrchnm.org/essays/the-future-of-preserving-the-past/,https://web.archive.org/web/20211204143257/http://chnm.gmu.edu/digitalhistory/,working
The Future of Preserving the Past,https://rrchnm.org/essays/the-future-of-preserving-the-past/,https://rrchnm.org/essays/the-future-of-preserving-the-past/#ftn1,working
The Future of Preserving the Past,https://rrchnm.org/essays/the-future-of-preserving-the-past/,https://web.archive.org/web/20211204143257/http://www.columbia.edu/cu/lweb/indiv/oral/sept11.html,working
The Future of Preserving the Past,https://rrchnm.org/essays/the-future-of-preserving-the-past/,https://rrchnm.org/essays/the-future-of-preserving-the-past/#ftn2,working
The Future of Preserving the Past,https://rrchnm.org/essays/the-future-of-preserving-the-past/,https://web.archive.org/web/20211204143257/http://www.loc.gov/folklife/nineeleven/index.html,working
The Future of Preserving the Past,https://rrchnm.org/essays/the-future-of-preserving-the-past/,https://rrchnm.org/essays/the-future-of-preserving-the-past/#ftn3,working
The Future of Preserving the Past,https://rrchnm.org/essays/the-future-of-preserving-the-past/,https://web.archive.org/web/20211204143257/http://memory.loc.gov/ammem/collections/911_archive/,working
The Future of Preserving the Past,https://rrchnm.org/essays/the-future-of-preserving-the-past/,https://rrchnm.org/essays/the-future-of-preserving-the-past/#ftn4,working
The Future of Preserving the Past,https://rrchnm.org/essays/the-future-of-preserving-the-past/,https://web.archive.org/web/20211204143257/http://wtc.nist.gov/media/docs_info_received.htm,working
The Future of Preserving the Past,https://rrchnm.org/essays/the-future-of-preserving-the-past/,https://rrchnm.org/essays/the-future-of-preserving-the-past/#ftn5,working
The Future of Preserving the Past,https://rrchnm.org/essays/the-future-of-preserving-the-past/,https://web.archive.org/web/20211204143257/http://www.hereisnewyork.org/,working
The Future of Preserving the Past,https://rrchnm.org/essays/the-future-of-preserving-the-past/,https://rrchnm.org/essays/the-future-of-preserving-the-past/#ftn6,working
The Future of Preserving the Past,https://rrchnm.org/essays/the-future-of-preserving-the-past/,https://web.archive.org/web/20211204143257/http://www.loc.gov/minerva/collect/sept11/,working
The Future of Preserving the Past,https://rrchnm.org/essays/the-future-of-preserving-the-past/,https://web.archive.org/web/20211204143257/http://www.netcraft.com/Survey/index-200109.html,working
The Future of Preserving the Past,https://rrchnm.org/essays/the-future-of-preserving-the-past/,https://rrchnm.org/essays/the-future-of-preserving-the-past/#ftn7,working
The Future of Preserving the Past,https://rrchnm.org/essays/the-future-of-preserving-the-past/,https://web.archive.org/web/20211204143257/http://911digitalarchive.org/,working
The Future of Preserving the Past,https://rrchnm.org/essays/the-future-of-preserving-the-past/,https://rrchnm.org/essays/the-future-of-preserving-the-past/#ftn8,working
The Future of Preserving the Past,https://rrchnm.org/essays/the-future-of-preserving-the-past/,https://web.archive.org/web/20211204143257/http://news.netcraft.com/archives/web_server_survey.html,working
The Future of Preserving the Past,https://rrchnm.org/essays/the-future-of-preserving-the-past/,https://rrchnm.org/essays/the-future-of-preserving-the-past/#ftn9,working
The Future of Preserving the Past,https://rrchnm.org/essays/the-future-of-preserving-the-past/,https://web.archive.org/web/20211204143257/http://www.nasm.si.edu/research/arch/temp/marac/the_quarterly/Dec2001.html,status code: 404
The Future of Preserving the Past,https://rrchnm.org/essays/the-future-of-preserving-the-past/,https://web.archive.org/web/20211204143257/http://chnm.gmu.edu/digitalhistory/,working
The Future of Preserving the Past,https://rrchnm.org/essays/the-future-of-preserving-the-past/,https://rrchnm.org/essays/the-future-of-preserving-the-past/#ftn10,working
The Future of Preserving the Past,https://rrchnm.org/essays/the-future-of-preserving-the-past/,https://web.archive.org/web/20211204143257/http://www.iht.com/articles/2002/03/04/itend04_ed3_.php,status code: 404
The Future of Preserving the Past,https://rrchnm.org/essays/the-future-of-preserving-the-past/,https://rrchnm.org/essays/the-future-of-preserving-the-past/#ftn11,working
The Future of Preserving the Past,https://rrchnm.org/essays/the-future-of-preserving-the-past/,https://web.archive.org/web/20211204143257/http://hnn.us/articles/1675.html,working
The Future of Preserving the Past,https://rrchnm.org/essays/the-future-of-preserving-the-past/,https://rrchnm.org/essays/the-future-of-preserving-the-past/#ftn12,working
The Future of Preserving the Past,https://rrchnm.org/essays/the-future-of-preserving-the-past/,https://rrchnm.org/essays/the-future-of-preserving-the-past/#ftn13,working
The Future of Preserving the Past,https://rrchnm.org/essays/the-future-of-preserving-the-past/,https://web.archive.org/web/20211204143257/http://www.aracnet.com/~pdxavets/,status code: 403
The Future of Preserving the Past,https://rrchnm.org/essays/the-future-of-preserving-the-past/,https://rrchnm.org/essays/the-future-of-preserving-the-past/#ftn14,working
The Future of Preserving the Past,https://rrchnm.org/essays/the-future-of-preserving-the-past/,https://web.archive.org/web/20211204143257/http://www.blogger.com/,working
The Future of Preserving the Past,https://rrchnm.org/essays/the-future-of-preserving-the-past/,https://web.archive.org/web/20211204143257/http://www.livejournal.com/,working
The Future of Preserving the Past,https://rrchnm.org/essays/the-future-of-preserving-the-past/,https://web.archive.org/web/20211204143257/http://hometown.aol.com/,status code: 404
The Future of Preserving the Past,https://rrchnm.org/essays/the-future-of-preserving-the-past/,https://web.archive.org/web/20211204143257/http://www.moveabletype.org/,working
The Future of Preserving the Past,https://rrchnm.org/essays/the-future-of-preserving-the-past/,https://web.archive.org/web/20211204143257/http://www.typepad.com/,working
The Future of Preserving the Past,https://rrchnm.org/essays/the-future-of-preserving-the-past/,https://web.archive.org/web/20211204143257/http://en.wikipedia.org/wiki/Weblog#Blogging_systems,working
The Future of Preserving the Past,https://rrchnm.org/essays/the-future-of-preserving-the-past/,https://web.archive.org/web/20211204143257/http://directory.google.com/Top/Computers/Internet/On_the_Web/Weblogs/Tools/%20Hosts/,status code: 404
The Future of Preserving the Past,https://rrchnm.org/essays/the-future-of-preserving-the-past/,https://web.archive.org/web/20211204143257/http://www.nucleuscms.org/,working
The Future of Preserving the Past,https://rrchnm.org/essays/the-future-of-preserving-the-past/,https://web.archive.org/web/20211204143257/http://www.pmachine.com/expressionengine/,status code: 404
The Future of Preserving the Past,https://rrchnm.org/essays/the-future-of-preserving-the-past/,https://web.archive.org/web/20211204143257/http://www.blogcensus.net/?page=tools,working
The Future of Preserving the Past,https://rrchnm.org/essays/the-future-of-preserving-the-past/,https://web.archive.org/web/20211204143257/http://%20www.lights.com/weblogs/tools.html,status code: 404
The Future of Preserving the Past,https://rrchnm.org/essays/the-future-of-preserving-the-past/,https://web.archive.org/web/20211204143257/http://www.lights.com/weblogs/hosting.html,status code: 404
The Future of Preserving the Past,https://rrchnm.org/essays/the-future-of-preserving-the-past/,https://rrchnm.org/essays/the-future-of-preserving-the-past/#ftn1,working
The Future of Preserving the Past,https://rrchnm.org/essays/the-future-of-preserving-the-past/,https://web.archive.org/web/20211204143257/http://echo.gmu.edu/,working
The Future of Preserving the Past,https://rrchnm.org/essays/the-future-of-preserving-the-past/,https://rrchnm.org/essays/the-future-of-preserving-the-past/#ftn16,working
The Future of Preserving the Past,https://rrchnm.org/essays/the-future-of-preserving-the-past/,https://web.archive.org/web/20211204143257/http://www.mercurynews.com/mld/mercurynews/8915529.htm,working
The Future of Preserving the Past,https://rrchnm.org/essays/the-future-of-preserving-the-past/,https://web.archive.org/web/20211204143257/http://www.socresonline.org.uk/2/2/2.html,working
The Future of Preserving the Past,https://rrchnm.org/essays/the-future-of-preserving-the-past/,https://rrchnm.org/essays/the-future-of-preserving-the-past/#ftn17,working
The Future of Preserving the Past,https://rrchnm.org/essays/the-future-of-preserving-the-past/,https://web.archive.org/web/20211204143257/http://www.arin.net/whois/,working
The Future of Preserving the Past,https://rrchnm.org/essays/the-future-of-preserving-the-past/,https://web.archive.org/web/20211204143257/http://uwhois.com/,working
The Future of Preserving the Past,https://rrchnm.org/essays/the-future-of-preserving-the-past/,https://web.archive.org/web/20211204143257/http://www.internic.net/whois.html,working
The Future of Preserving the Past,https://rrchnm.org/essays/the-future-of-preserving-the-past/,https://web.archive.org/web/20211204143257/http://network-tools.com/,status code: 403
The Future of Preserving the Past,https://rrchnm.org/essays/the-future-of-preserving-the-past/,https://web.archive.org/web/20211204143257/http://www.networksolutions.com/en_US/whois/index.jhtml,working
The Future of Preserving the Past,https://rrchnm.org/essays/the-future-of-preserving-the-past/,https://rrchnm.org/essays/the-future-of-preserving-the-past/#ftn18,working
The Future of Preserving the Past,https://rrchnm.org/essays/the-future-of-preserving-the-past/,https://rrchnm.org/essays/the-future-of-preserving-the-past/#ftn19,working
The Future of Preserving the Past,https://rrchnm.org/essays/the-future-of-preserving-the-past/,https://web.archive.org/web/20211204143257/http://www.movinghere.org.uk/,working
The Future of Preserving the Past,https://rrchnm.org/essays/the-future-of-preserving-the-past/,https://web.archive.org/web/20211204143257/http://www.bbc.co.uk/dna/ww2/,working
The Future of Preserving the Past,https://rrchnm.org/essays/the-future-of-preserving-the-past/,https://rrchnm.org/essays/the-future-of-preserving-the-past/#ftn20,working
The Future of Preserving the Past,https://rrchnm.org/essays/the-future-of-preserving-the-past/,https://web.archive.org/web/20211204143257/http://www.nationalparks.org/proudpartners/partner_ford_rtrs.shtml,working
The Future of Preserving the Past,https://rrchnm.org/essays/the-future-of-preserving-the-past/,https://web.archive.org/web/20211204143257/http://plasma.nationalgeographic.com/pearlharbor/,working
The Future of Preserving the Past,https://rrchnm.org/essays/the-future-of-preserving-the-past/,https://web.archive.org/web/20211204143257/http://www.voicesofcivilrights.org/,working
The Future of Preserving the Past,https://rrchnm.org/essays/the-future-of-preserving-the-past/,https://web.archive.org/web/20211204143257/http://sloan.org/programs/scitech_historysci.shtml,status code: 404
The Future of Preserving the Past,https://rrchnm.org/essays/the-future-of-preserving-the-past/,https://web.archive.org/web/20211204143257/http://c250.columbia.edu/c250_perspectives/write_history/,working
The Future of Preserving the Past,https://rrchnm.org/essays/the-future-of-preserving-the-past/,https://web.archive.org/web/20211204143257/http://www.vietnam.ttu.edu/oralhistory/participation/index.htm,working
The Future of Preserving the Past,https://rrchnm.org/essays/the-future-of-preserving-the-past/,https://rrchnm.org/essays/the-future-of-preserving-the-past/#ftn21,working
The Future of Preserving the Past,https://rrchnm.org/essays/the-future-of-preserving-the-past/,https://web.archive.org/web/20211204143257/http://www.clir.org/pubs/reports/pub121/sec4.html,working
The Future of Preserving the Past,https://rrchnm.org/essays/the-future-of-preserving-the-past/,https://web.archive.org/web/20211204143257/http://www.usatoday.com/tech/news/2004-05-05-disc-rot_x.htm,working
The Future of Preserving the Past,https://rrchnm.org/essays/the-future-of-preserving-the-past/,https://web.archive.org/web/20211204143257/http://gort.ucsd.edu/mtdocs/archives/diglet/001522.html,working
The Future of Preserving the Past,https://rrchnm.org/essays/the-future-of-preserving-the-past/,https://web.archive.org/web/20211204143257/http://www.cr.nps.gov/museum/publications/conserveogram/19-19.pdf,status code: 503
The Future of Preserving the Past,https://rrchnm.org/essays/the-future-of-preserving-the-past/,https://rrchnm.org/essays/the-future-of-preserving-the-past/#ftn22,working
The Future of Preserving the Past,https://rrchnm.org/essays/the-future-of-preserving-the-past/,https://web.archive.org/web/20211204143257/http://www.clir.org/pubs/reports/pub126/contents.html,working
The Future of Preserving the Past,https://rrchnm.org/essays/the-future-of-preserving-the-past/,https://web.archive.org/web/20211204143257/http://www.clir.org/pubs/reports/pub106/contents.html,working
The Future of Preserving the Past,https://rrchnm.org/essays/the-future-of-preserving-the-past/,https://rrchnm.org/essays/the-future-of-preserving-the-past/#ftn23,working
The Future of Preserving the Past,https://rrchnm.org/essays/the-future-of-preserving-the-past/,https://web.archive.org/web/20211204143257/http://www.dspace.org/,working
The Future of Preserving the Past,https://rrchnm.org/essays/the-future-of-preserving-the-past/,https://web.archive.org/web/20211204143257/http://www.fedora.info/,working
The Future of Preserving the Past,https://rrchnm.org/essays/the-future-of-preserving-the-past/,https://web.archive.org/web/20211204143257/http://www.digitalpreservation.gov/,working
The Future of Preserving the Past,https://rrchnm.org/essays/the-future-of-preserving-the-past/,https://rrchnm.org/essays/the-future-of-preserving-the-past/#ftn24,working
The Future of Preserving the Past,https://rrchnm.org/essays/the-future-of-preserving-the-past/,https://web.archive.org/web/20211204143257/http://www.loc.gov/loc/lcib/0304/digital.html,working
The Future of Preserving the Past,https://rrchnm.org/essays/the-future-of-preserving-the-past/,https://rrchnm.org/essays/the-future-of-preserving-the-past/#ftn25,working
The Future of Preserving the Past,https://rrchnm.org/essays/the-future-of-preserving-the-past/,https://rrchnm.org/essays/the-future-of-preserving-the-past/#ftn26,working
The Bookless Future: What the Internet is Doing to Scholarship,https://rrchnm.org/essays/the-bookless-future-what-the-internet-is-doing-to-scholarship/,https://web.archive.org/web/20220629185027/http://www.indiana.edu/~ahr/darnton,working
Should Historical Scholarship Be Free?,https://rrchnm.org/essays/should-historical-scholarship-be-free/,https://web.archive.org/web/20220629195713/https://rrchnm.org/essay/should-historical-scholarship-be-free/#_edn1,working
Should Historical Scholarship Be Free?,https://rrchnm.org/essays/should-historical-scholarship-be-free/,https://web.archive.org/web/20220629195713/https://rrchnm.org/essay/should-historical-scholarship-be-free/#_edn2,working
Should Historical Scholarship Be Free?,https://rrchnm.org/essays/should-historical-scholarship-be-free/,https://web.archive.org/web/20220629195713/https://rrchnm.org/essay/should-historical-scholarship-be-free/#_edn3,working
Should Historical Scholarship Be Free?,https://rrchnm.org/essays/should-historical-scholarship-be-free/,https://web.archive.org/web/20220629195713/https://rrchnm.org/essay/should-historical-scholarship-be-free/#_edn4,working
Should Historical Scholarship Be Free?,https://rrchnm.org/essays/should-historical-scholarship-be-free/,https://web.archive.org/web/20220629195713/https://rrchnm.org/essay/should-historical-scholarship-be-free/#_edn5,working
Should Historical Scholarship Be Free?,https://rrchnm.org/essays/should-historical-scholarship-be-free/,https://web.archive.org/web/20220629195713/https://rrchnm.org/essay/should-historical-scholarship-be-free/#_edn6,working
Should Historical Scholarship Be Free?,https://rrchnm.org/essays/should-historical-scholarship-be-free/,https://web.archive.org/web/20220629195713/https://rrchnm.org/essay/should-historical-scholarship-be-free/#_edn7,working
Should Historical Scholarship Be Free?,https://rrchnm.org/essays/should-historical-scholarship-be-free/,https://web.archive.org/web/20220629195713/https://rrchnm.org/essay/should-historical-scholarship-be-free/#_edn8,working
Should Historical Scholarship Be Free?,https://rrchnm.org/essays/should-historical-scholarship-be-free/,https://web.archive.org/web/20220629195713/http://arxiv.org/,working
Should Historical Scholarship Be Free?,https://rrchnm.org/essays/should-historical-scholarship-be-free/,https://web.archive.org/web/20220629195713/http://arxiv.org/,working
Should Historical Scholarship Be Free?,https://rrchnm.org/essays/should-historical-scholarship-be-free/,https://web.archive.org/web/20220629195713/https://rrchnm.org/essay/should-historical-scholarship-be-free/#_edn9,working
Should Historical Scholarship Be Free?,https://rrchnm.org/essays/should-historical-scholarship-be-free/,https://web.archive.org/web/20220629195713/https://rrchnm.org/essay/should-historical-scholarship-be-free/#_edn10,working
Should Historical Scholarship Be Free?,https://rrchnm.org/essays/should-historical-scholarship-be-free/,https://web.archive.org/web/20220629195713/https://rrchnm.org/essay/should-historical-scholarship-be-free/#_edn11,working
Should Historical Scholarship Be Free?,https://rrchnm.org/essays/should-historical-scholarship-be-free/,https://web.archive.org/web/20220629195713/https://rrchnm.org/essay/should-historical-scholarship-be-free/#_edn12,working
Should Historical Scholarship Be Free?,https://rrchnm.org/essays/should-historical-scholarship-be-free/,https://web.archive.org/web/20220629195713/http://chnm.gmu.edu/,working
Should Historical Scholarship Be Free?,https://rrchnm.org/essays/should-historical-scholarship-be-free/,https://web.archive.org/web/20220629195713/mailto:%20roy@gmu.edu,working
Should Historical Scholarship Be Free?,https://rrchnm.org/essays/should-historical-scholarship-be-free/,https://web.archive.org/web/20220629195713/https://rrchnm.org/essay/should-historical-scholarship-be-free/#_ednref1,working
Should Historical Scholarship Be Free?,https://rrchnm.org/essays/should-historical-scholarship-be-free/,https://web.archive.org/web/20220629195713/http://grants.nih.gov/grants/guide/notice-files/NOT-OD-05-022.html,working
Should Historical Scholarship Be Free?,https://rrchnm.org/essays/should-historical-scholarship-be-free/,https://web.archive.org/web/20220629195713/http://www.earlham.edu/~peters/fos/newsletter/02-02-05.htm,status code: 404
Should Historical Scholarship Be Free?,https://rrchnm.org/essays/should-historical-scholarship-be-free/,https://web.archive.org/web/20220629195713/https://rrchnm.org/essay/should-historical-scholarship-be-free/#_ednref2,working
Should Historical Scholarship Be Free?,https://rrchnm.org/essays/should-historical-scholarship-be-free/,https://web.archive.org/web/20220629195713/http://www.soros.org/openaccess,working
Should Historical Scholarship Be Free?,https://rrchnm.org/essays/should-historical-scholarship-be-free/,https://web.archive.org/web/20220629195713/https://rrchnm.org/essay/should-historical-scholarship-be-free/#_ednref3,working
Should Historical Scholarship Be Free?,https://rrchnm.org/essays/should-historical-scholarship-be-free/,https://web.archive.org/web/20220629195713/http://www.ecs.soton.ac.uk/~harnad/Papers/Harnad/harnad90.skywriting.html,working
Should Historical Scholarship Be Free?,https://rrchnm.org/essays/should-historical-scholarship-be-free/,https://web.archive.org/web/20220629195713/http://www.earlham.edu/~peters/fos/,status code: 504
Should Historical Scholarship Be Free?,https://rrchnm.org/essays/should-historical-scholarship-be-free/,https://web.archive.org/web/20220629195713/http://pkp.ubc.ca/publications/index.html,status code: 404
Should Historical Scholarship Be Free?,https://rrchnm.org/essays/should-historical-scholarship-be-free/,https://web.archive.org/web/20220629195713/https://rrchnm.org/essay/should-historical-scholarship-be-free/#_ednref4,working
Should Historical Scholarship Be Free?,https://rrchnm.org/essays/should-historical-scholarship-be-free/,https://web.archive.org/web/20220629195713/http://firstmonday.org/issues/issue7_11/Willinsky,working
Should Historical Scholarship Be Free?,https://rrchnm.org/essays/should-historical-scholarship-be-free/,https://web.archive.org/web/20220629195713/https://rrchnm.org/essay/should-historical-scholarship-be-free/#_ednref5,working
Should Historical Scholarship Be Free?,https://rrchnm.org/essays/should-historical-scholarship-be-free/,https://web.archive.org/web/20220629195713/http://www.infotoday.com/it/nov04/poynder.shtml,working
Should Historical Scholarship Be Free?,https://rrchnm.org/essays/should-historical-scholarship-be-free/,https://web.archive.org/web/20220629195713/https://rrchnm.org/essay/should-historical-scholarship-be-free/#_ednref6,working
Should Historical Scholarship Be Free?,https://rrchnm.org/essays/should-historical-scholarship-be-free/,https://web.archive.org/web/20220629195713/http://www.historians.org/info/AHA_History/charter.htm,working
Should Historical Scholarship Be Free?,https://rrchnm.org/essays/should-historical-scholarship-be-free/,https://web.archive.org/web/20220629195713/https://rrchnm.org/essay/should-historical-scholarship-be-free/#_ednref7,working
Should Historical Scholarship Be Free?,https://rrchnm.org/essays/should-historical-scholarship-be-free/,https://web.archive.org/web/20220629195713/http://pubs.acs.org/cen/editor/8238edit.html,status code: 403
Should Historical Scholarship Be Free?,https://rrchnm.org/essays/should-historical-scholarship-be-free/,https://web.archive.org/web/20220629195713/http://jodi.ecs.soton.ac.uk/Articles/v04/i02/Willinsky/,working
Should Historical Scholarship Be Free?,https://rrchnm.org/essays/should-historical-scholarship-be-free/,https://web.archive.org/web/20220629195713/http://stat-www.berkeley.edu/users/pitman/strategy.html,status code: 404
Should Historical Scholarship Be Free?,https://rrchnm.org/essays/should-historical-scholarship-be-free/,https://web.archive.org/web/20220629195713/http://eprints.rclis.org/archive/00000945%2001/Big_Squeeze.htm,status code: 404
Should Historical Scholarship Be Free?,https://rrchnm.org/essays/should-historical-scholarship-be-free/,https://web.archive.org/web/20220629195713/https://rrchnm.org/essay/should-historical-scholarship-be-free/#_ednref8,working
Should Historical Scholarship Be Free?,https://rrchnm.org/essays/should-historical-scholarship-be-free/,https://web.archive.org/web/20220629195713/http://www.jpgmonline.com/article.asp?issn=0022-3859;year=2003;volume=49;issue=3;spage=263;epage=267;aulast=Willinsky,working
Should Historical Scholarship Be Free?,https://rrchnm.org/essays/should-historical-scholarship-be-free/,https://web.archive.org/web/20220629195713/https://rrchnm.org/essay/should-historical-scholarship-be-free/#_ednref9,working
Should Historical Scholarship Be Free?,https://rrchnm.org/essays/should-historical-scholarship-be-free/,https://web.archive.org/web/20220629195713/http://www.eprints.org/jan2005/,working
Should Historical Scholarship Be Free?,https://rrchnm.org/essays/should-historical-scholarship-be-free/,https://web.archive.org/web/20220629195713/https://rrchnm.org/essay/should-historical-scholarship-be-free/#_ednref10,working
Should Historical Scholarship Be Free?,https://rrchnm.org/essays/should-historical-scholarship-be-free/,https://web.archive.org/web/20220629195713/http://www.biomedcentral.com/,working
Should Historical Scholarship Be Free?,https://rrchnm.org/essays/should-historical-scholarship-be-free/,https://web.archive.org/web/20220629195713/https://rrchnm.org/essay/should-historical-scholarship-be-free/#_ednref11,working
Should Historical Scholarship Be Free?,https://rrchnm.org/essays/should-historical-scholarship-be-free/,https://web.archive.org/web/20220629195713/https://rrchnm.org/essay/should-historical-scholarship-be-free/#_ednref12,working
By the Book: Assessing the Place of Textbooks in U.S. Survey Courses,https://rrchnm.org/essays/by-the-book-assessing-the-place-of-textbooks-in-u-s-survey-courses/,https://web.archive.org/web/20220629183803/https://rrchnm.org/essay/by-the-book-assessing-the-place-of-textbooks-in-u-s-survey-courses/#N_1_,working
By the Book: Assessing the Place of Textbooks in U.S. Survey Courses,https://rrchnm.org/essays/by-the-book-assessing-the-place-of-textbooks-in-u-s-survey-courses/,https://web.archive.org/web/20220629183803/https://rrchnm.org/essay/by-the-book-assessing-the-place-of-textbooks-in-u-s-survey-courses/#N_2_,working
By the Book: Assessing the Place of Textbooks in U.S. Survey Courses,https://rrchnm.org/essays/by-the-book-assessing-the-place-of-textbooks-in-u-s-survey-courses/,https://web.archive.org/web/20220629183803/https://rrchnm.org/essay/by-the-book-assessing-the-place-of-textbooks-in-u-s-survey-courses/#N_3_,working
By the Book: Assessing the Place of Textbooks in U.S. Survey Courses,https://rrchnm.org/essays/by-the-book-assessing-the-place-of-textbooks-in-u-s-survey-courses/,https://web.archive.org/web/20220629183803/http://chnm.gmu.edu/images/cohen_table1.png,working
By the Book: Assessing the Place of Textbooks in U.S. Survey Courses,https://rrchnm.org/essays/by-the-book-assessing-the-place-of-textbooks-in-u-s-survey-courses/,https://web.archive.org/web/20220629183803/https://rrchnm.org/essay/by-the-book-assessing-the-place-of-textbooks-in-u-s-survey-courses/#appa,working
By the Book: Assessing the Place of Textbooks in U.S. Survey Courses,https://rrchnm.org/essays/by-the-book-assessing-the-place-of-textbooks-in-u-s-survey-courses/,https://web.archive.org/web/20220629183803/https://rrchnm.org/essay/by-the-book-assessing-the-place-of-textbooks-in-u-s-survey-courses/#N_4_,working
By the Book: Assessing the Place of Textbooks in U.S. Survey Courses,https://rrchnm.org/essays/by-the-book-assessing-the-place-of-textbooks-in-u-s-survey-courses/,https://web.archive.org/web/20220629183803/https://rrchnm.org/essay/by-the-book-assessing-the-place-of-textbooks-in-u-s-survey-courses/#N_5_,working
By the Book: Assessing the Place of Textbooks in U.S. Survey Courses,https://rrchnm.org/essays/by-the-book-assessing-the-place-of-textbooks-in-u-s-survey-courses/,https://web.archive.org/web/20220629183803/http://chnm.gmu.edu/images/cohen_table2.png,working
By the Book: Assessing the Place of Textbooks in U.S. Survey Courses,https://rrchnm.org/essays/by-the-book-assessing-the-place-of-textbooks-in-u-s-survey-courses/,https://web.archive.org/web/20220629183803/https://rrchnm.org/essay/by-the-book-assessing-the-place-of-textbooks-in-u-s-survey-courses/#appb,working
By the Book: Assessing the Place of Textbooks in U.S. Survey Courses,https://rrchnm.org/essays/by-the-book-assessing-the-place-of-textbooks-in-u-s-survey-courses/,https://web.archive.org/web/20220629183803/http://chnm.gmu.edu/images/cohen_tables3_4.png,working
By the Book: Assessing the Place of Textbooks in U.S. Survey Courses,https://rrchnm.org/essays/by-the-book-assessing-the-place-of-textbooks-in-u-s-survey-courses/,https://web.archive.org/web/20220629183803/http://chnm.gmu.edu/images/cohen_table5.png,working
By the Book: Assessing the Place of Textbooks in U.S. Survey Courses,https://rrchnm.org/essays/by-the-book-assessing-the-place-of-textbooks-in-u-s-survey-courses/,https://web.archive.org/web/20220629183803/https://rrchnm.org/essay/by-the-book-assessing-the-place-of-textbooks-in-u-s-survey-courses/#N_6_,working
By the Book: Assessing the Place of Textbooks in U.S. Survey Courses,https://rrchnm.org/essays/by-the-book-assessing-the-place-of-textbooks-in-u-s-survey-courses/,mailto:dcohen@gmu.edu,error: No connection adapters were found for 'mailto:dcohen@gmu.edu'
By the Book: Assessing the Place of Textbooks in U.S. Survey Courses,https://rrchnm.org/essays/by-the-book-assessing-the-place-of-textbooks-in-u-s-survey-courses/,https://web.archive.org/web/20220629183803/https://rrchnm.org/essay/by-the-book-assessing-the-place-of-textbooks-in-u-s-survey-courses/#ref1,working
By the Book: Assessing the Place of Textbooks in U.S. Survey Courses,https://rrchnm.org/essays/by-the-book-assessing-the-place-of-textbooks-in-u-s-survey-courses/,https://web.archive.org/web/20220629183803/https://rrchnm.org/essay/by-the-book-assessing-the-place-of-textbooks-in-u-s-survey-courses/#ref2,working
By the Book: Assessing the Place of Textbooks in U.S. Survey Courses,https://rrchnm.org/essays/by-the-book-assessing-the-place-of-textbooks-in-u-s-survey-courses/,https://web.archive.org/web/20220629183803/http://www.google.com/apis/,working
By the Book: Assessing the Place of Textbooks in U.S. Survey Courses,https://rrchnm.org/essays/by-the-book-assessing-the-place-of-textbooks-in-u-s-survey-courses/,https://web.archive.org/web/20220629183803/http://chnm.gmu.edu/tools/syllabi/,status code: 404
By the Book: Assessing the Place of Textbooks in U.S. Survey Courses,https://rrchnm.org/essays/by-the-book-assessing-the-place-of-textbooks-in-u-s-survey-courses/,https://web.archive.org/web/20220629183803/https://rrchnm.org/essay/by-the-book-assessing-the-place-of-textbooks-in-u-s-survey-courses/#ref3,working
By the Book: Assessing the Place of Textbooks in U.S. Survey Courses,https://rrchnm.org/essays/by-the-book-assessing-the-place-of-textbooks-in-u-s-survey-courses/,https://web.archive.org/web/20220629183803/https://rrchnm.org/essay/by-the-book-assessing-the-place-of-textbooks-in-u-s-survey-courses/#ref4,working
By the Book: Assessing the Place of Textbooks in U.S. Survey Courses,https://rrchnm.org/essays/by-the-book-assessing-the-place-of-textbooks-in-u-s-survey-courses/,https://web.archive.org/web/20220629183803/https://rrchnm.org/essay/by-the-book-assessing-the-place-of-textbooks-in-u-s-survey-courses/#ref5,working
By the Book: Assessing the Place of Textbooks in U.S. Survey Courses,https://rrchnm.org/essays/by-the-book-assessing-the-place-of-textbooks-in-u-s-survey-courses/,https://web.archive.org/web/20220629183803/https://rrchnm.org/essay/by-the-book-assessing-the-place-of-textbooks-in-u-s-survey-courses/#ref6,working
Gutenberg-e: Electronic Entry to the Historical Professoriate,https://rrchnm.org/essays/gutenberg-e-electronic-entry-to-the-historical-professoriate/,https://web.archive.org/web/20220629181338/http://www.historycooperative.org/journals/ahr/109.5/manning.html,working
Gutenberg-e: Electronic Entry to the Historical Professoriate,https://rrchnm.org/essays/gutenberg-e-electronic-entry-to-the-historical-professoriate/,https://web.archive.org/web/20220629181338/https://rrchnm.org/essay/gutenberg-e-electronic-entry-to-the-historical-professoriate/#N_1_,working
Gutenberg-e: Electronic Entry to the Historical Professoriate,https://rrchnm.org/essays/gutenberg-e-electronic-entry-to-the-historical-professoriate/,https://web.archive.org/web/20220629181338/https://rrchnm.org/essay/gutenberg-e-electronic-entry-to-the-historical-professoriate/#N_2_,working
Gutenberg-e: Electronic Entry to the Historical Professoriate,https://rrchnm.org/essays/gutenberg-e-electronic-entry-to-the-historical-professoriate/,https://web.archive.org/web/20220629181338/https://rrchnm.org/essay/gutenberg-e-electronic-entry-to-the-historical-professoriate/#N_3_,working
Gutenberg-e: Electronic Entry to the Historical Professoriate,https://rrchnm.org/essays/gutenberg-e-electronic-entry-to-the-historical-professoriate/,https://web.archive.org/web/20220629181338/https://rrchnm.org/essay/gutenberg-e-electronic-entry-to-the-historical-professoriate/#N_4_,working
Gutenberg-e: Electronic Entry to the Historical Professoriate,https://rrchnm.org/essays/gutenberg-e-electronic-entry-to-the-historical-professoriate/,https://web.archive.org/web/20220629181338/https://rrchnm.org/essay/gutenberg-e-electronic-entry-to-the-historical-professoriate/#N_5_,working
Gutenberg-e: Electronic Entry to the Historical Professoriate,https://rrchnm.org/essays/gutenberg-e-electronic-entry-to-the-historical-professoriate/,https://web.archive.org/web/20220629181338/https://rrchnm.org/essay/gutenberg-e-electronic-entry-to-the-historical-professoriate/#N_6_,working
Gutenberg-e: Electronic Entry to the Historical Professoriate,https://rrchnm.org/essays/gutenberg-e-electronic-entry-to-the-historical-professoriate/,https://web.archive.org/web/20220629181338/https://rrchnm.org/essay/gutenberg-e-electronic-entry-to-the-historical-professoriate/#N_7_,working
Gutenberg-e: Electronic Entry to the Historical Professoriate,https://rrchnm.org/essays/gutenberg-e-electronic-entry-to-the-historical-professoriate/,https://web.archive.org/web/20220629181338/https://rrchnm.org/essay/gutenberg-e-electronic-entry-to-the-historical-professoriate/#N_8_,working
Gutenberg-e: Electronic Entry to the Historical Professoriate,https://rrchnm.org/essays/gutenberg-e-electronic-entry-to-the-historical-professoriate/,https://web.archive.org/web/20220629181338/https://rrchnm.org/essay/gutenberg-e-electronic-entry-to-the-historical-professoriate/#N_9_,working
Gutenberg-e: Electronic Entry to the Historical Professoriate,https://rrchnm.org/essays/gutenberg-e-electronic-entry-to-the-historical-professoriate/,https://web.archive.org/web/20220629181338/https://rrchnm.org/essay/gutenberg-e-electronic-entry-to-the-historical-professoriate/#N_10_,working
Gutenberg-e: Electronic Entry to the Historical Professoriate,https://rrchnm.org/essays/gutenberg-e-electronic-entry-to-the-historical-professoriate/,https://web.archive.org/web/20220629181338/https://rrchnm.org/essay/gutenberg-e-electronic-entry-to-the-historical-professoriate/#N_11_,working
Gutenberg-e: Electronic Entry to the Historical Professoriate,https://rrchnm.org/essays/gutenberg-e-electronic-entry-to-the-historical-professoriate/,https://web.archive.org/web/20220629181338/https://rrchnm.org/essay/gutenberg-e-electronic-entry-to-the-historical-professoriate/#N_12_,working
Gutenberg-e: Electronic Entry to the Historical Professoriate,https://rrchnm.org/essays/gutenberg-e-electronic-entry-to-the-historical-professoriate/,https://web.archive.org/web/20220629181338/https://rrchnm.org/essay/gutenberg-e-electronic-entry-to-the-historical-professoriate/#N_13_,working
Gutenberg-e: Electronic Entry to the Historical Professoriate,https://rrchnm.org/essays/gutenberg-e-electronic-entry-to-the-historical-professoriate/,https://web.archive.org/web/20220629181338/https://rrchnm.org/essay/gutenberg-e-electronic-entry-to-the-historical-professoriate/#N_14_,working
Gutenberg-e: Electronic Entry to the Historical Professoriate,https://rrchnm.org/essays/gutenberg-e-electronic-entry-to-the-historical-professoriate/,https://web.archive.org/web/20220629181338/https://rrchnm.org/essay/gutenberg-e-electronic-entry-to-the-historical-professoriate/#N_15_,working
Gutenberg-e: Electronic Entry to the Historical Professoriate,https://rrchnm.org/essays/gutenberg-e-electronic-entry-to-the-historical-professoriate/,https://web.archive.org/web/20220629181338/https://rrchnm.org/essay/gutenberg-e-electronic-entry-to-the-historical-professoriate/#N_16_,working
Gutenberg-e: Electronic Entry to the Historical Professoriate,https://rrchnm.org/essays/gutenberg-e-electronic-entry-to-the-historical-professoriate/,https://web.archive.org/web/20220629181338/https://rrchnm.org/essay/gutenberg-e-electronic-entry-to-the-historical-professoriate/#N_17_,working
Gutenberg-e: Electronic Entry to the Historical Professoriate,https://rrchnm.org/essays/gutenberg-e-electronic-entry-to-the-historical-professoriate/,https://web.archive.org/web/20220629181338/https://rrchnm.org/essay/gutenberg-e-electronic-entry-to-the-historical-professoriate/#N_18_,working
Gutenberg-e: Electronic Entry to the Historical Professoriate,https://rrchnm.org/essays/gutenberg-e-electronic-entry-to-the-historical-professoriate/,https://web.archive.org/web/20220629181338/https://rrchnm.org/essay/gutenberg-e-electronic-entry-to-the-historical-professoriate/#N_19_,working
Gutenberg-e: Electronic Entry to the Historical Professoriate,https://rrchnm.org/essays/gutenberg-e-electronic-entry-to-the-historical-professoriate/,https://web.archive.org/web/20220629181338/https://rrchnm.org/essay/gutenberg-e-electronic-entry-to-the-historical-professoriate/#N_20_,working
Gutenberg-e: Electronic Entry to the Historical Professoriate,https://rrchnm.org/essays/gutenberg-e-electronic-entry-to-the-historical-professoriate/,https://web.archive.org/web/20220629181338/https://rrchnm.org/essay/gutenberg-e-electronic-entry-to-the-historical-professoriate/#N_21_,working
Gutenberg-e: Electronic Entry to the Historical Professoriate,https://rrchnm.org/essays/gutenberg-e-electronic-entry-to-the-historical-professoriate/,https://web.archive.org/web/20220629181338/https://rrchnm.org/essay/gutenberg-e-electronic-entry-to-the-historical-professoriate/#N_22_,working
Gutenberg-e: Electronic Entry to the Historical Professoriate,https://rrchnm.org/essays/gutenberg-e-electronic-entry-to-the-historical-professoriate/,https://web.archive.org/web/20220629181338/https://rrchnm.org/essay/gutenberg-e-electronic-entry-to-the-historical-professoriate/#N_23_,working
Gutenberg-e: Electronic Entry to the Historical Professoriate,https://rrchnm.org/essays/gutenberg-e-electronic-entry-to-the-historical-professoriate/,https://web.archive.org/web/20220629181338/https://rrchnm.org/essay/gutenberg-e-electronic-entry-to-the-historical-professoriate/#N_24_,working
Gutenberg-e: Electronic Entry to the Historical Professoriate,https://rrchnm.org/essays/gutenberg-e-electronic-entry-to-the-historical-professoriate/,https://web.archive.org/web/20220629181338/https://rrchnm.org/essay/gutenberg-e-electronic-entry-to-the-historical-professoriate/#N_25_,working
Gutenberg-e: Electronic Entry to the Historical Professoriate,https://rrchnm.org/essays/gutenberg-e-electronic-entry-to-the-historical-professoriate/,https://web.archive.org/web/20220629181338/https://rrchnm.org/essay/gutenberg-e-electronic-entry-to-the-historical-professoriate/#N_26_,working
Gutenberg-e: Electronic Entry to the Historical Professoriate,https://rrchnm.org/essays/gutenberg-e-electronic-entry-to-the-historical-professoriate/,https://web.archive.org/web/20220629181338/https://rrchnm.org/essay/gutenberg-e-electronic-entry-to-the-historical-professoriate/#N_27_,working
Gutenberg-e: Electronic Entry to the Historical Professoriate,https://rrchnm.org/essays/gutenberg-e-electronic-entry-to-the-historical-professoriate/,https://web.archive.org/web/20220629181338/https://rrchnm.org/essay/gutenberg-e-electronic-entry-to-the-historical-professoriate/#N_28_,working
Gutenberg-e: Electronic Entry to the Historical Professoriate,https://rrchnm.org/essays/gutenberg-e-electronic-entry-to-the-historical-professoriate/,https://web.archive.org/web/20220629181338/https://rrchnm.org/essay/gutenberg-e-electronic-entry-to-the-historical-professoriate/#N_29_,working
Gutenberg-e: Electronic Entry to the Historical Professoriate,https://rrchnm.org/essays/gutenberg-e-electronic-entry-to-the-historical-professoriate/,https://web.archive.org/web/20220629181338/https://rrchnm.org/essay/gutenberg-e-electronic-entry-to-the-historical-professoriate/#N_30_,working
Gutenberg-e: Electronic Entry to the Historical Professoriate,https://rrchnm.org/essays/gutenberg-e-electronic-entry-to-the-historical-professoriate/,https://web.archive.org/web/20220629181338/https://rrchnm.org/essay/gutenberg-e-electronic-entry-to-the-historical-professoriate/#N_31_,working
Gutenberg-e: Electronic Entry to the Historical Professoriate,https://rrchnm.org/essays/gutenberg-e-electronic-entry-to-the-historical-professoriate/,https://web.archive.org/web/20220629181338/https://rrchnm.org/essay/gutenberg-e-electronic-entry-to-the-historical-professoriate/#N_32_,working
Gutenberg-e: Electronic Entry to the Historical Professoriate,https://rrchnm.org/essays/gutenberg-e-electronic-entry-to-the-historical-professoriate/,https://web.archive.org/web/20220629181338/https://rrchnm.org/essay/gutenberg-e-electronic-entry-to-the-historical-professoriate/#N_33_,working
Gutenberg-e: Electronic Entry to the Historical Professoriate,https://rrchnm.org/essays/gutenberg-e-electronic-entry-to-the-historical-professoriate/,https://web.archive.org/web/20220629181338/https://rrchnm.org/essay/gutenberg-e-electronic-entry-to-the-historical-professoriate/#N_34_,working
Gutenberg-e: Electronic Entry to the Historical Professoriate,https://rrchnm.org/essays/gutenberg-e-electronic-entry-to-the-historical-professoriate/,https://web.archive.org/web/20220629181338/https://rrchnm.org/essay/gutenberg-e-electronic-entry-to-the-historical-professoriate/#N_35_,working
Gutenberg-e: Electronic Entry to the Historical Professoriate,https://rrchnm.org/essays/gutenberg-e-electronic-entry-to-the-historical-professoriate/,https://web.archive.org/web/20220629181338/https://rrchnm.org/essay/gutenberg-e-electronic-entry-to-the-historical-professoriate/#N_36_,working
Gutenberg-e: Electronic Entry to the Historical Professoriate,https://rrchnm.org/essays/gutenberg-e-electronic-entry-to-the-historical-professoriate/,https://web.archive.org/web/20220629181338/https://rrchnm.org/essay/gutenberg-e-electronic-entry-to-the-historical-professoriate/#N_37_,working
Gutenberg-e: Electronic Entry to the Historical Professoriate,https://rrchnm.org/essays/gutenberg-e-electronic-entry-to-the-historical-professoriate/,https://web.archive.org/web/20220629181338/https://rrchnm.org/essay/gutenberg-e-electronic-entry-to-the-historical-professoriate/#N_38_,working
Gutenberg-e: Electronic Entry to the Historical Professoriate,https://rrchnm.org/essays/gutenberg-e-electronic-entry-to-the-historical-professoriate/,https://web.archive.org/web/20220629181338/https://rrchnm.org/essay/gutenberg-e-electronic-entry-to-the-historical-professoriate/#N_39_,working
Gutenberg-e: Electronic Entry to the Historical Professoriate,https://rrchnm.org/essays/gutenberg-e-electronic-entry-to-the-historical-professoriate/,https://web.archive.org/web/20220629181338/https://rrchnm.org/essay/gutenberg-e-electronic-entry-to-the-historical-professoriate/#N_40_,working
Gutenberg-e: Electronic Entry to the Historical Professoriate,https://rrchnm.org/essays/gutenberg-e-electronic-entry-to-the-historical-professoriate/,https://web.archive.org/web/20220629181338/https://rrchnm.org/essay/gutenberg-e-electronic-entry-to-the-historical-professoriate/#N_41_,working
Gutenberg-e: Electronic Entry to the Historical Professoriate,https://rrchnm.org/essays/gutenberg-e-electronic-entry-to-the-historical-professoriate/,https://web.archive.org/web/20220629181338/https://rrchnm.org/essay/gutenberg-e-electronic-entry-to-the-historical-professoriate/#N_42_,working
Gutenberg-e: Electronic Entry to the Historical Professoriate,https://rrchnm.org/essays/gutenberg-e-electronic-entry-to-the-historical-professoriate/,https://web.archive.org/web/20220629181338/https://rrchnm.org/essay/gutenberg-e-electronic-entry-to-the-historical-professoriate/#N_43_,working
Gutenberg-e: Electronic Entry to the Historical Professoriate,https://rrchnm.org/essays/gutenberg-e-electronic-entry-to-the-historical-professoriate/,https://web.archive.org/web/20220629181338/https://rrchnm.org/essay/gutenberg-e-electronic-entry-to-the-historical-professoriate/#N_44_,working
Gutenberg-e: Electronic Entry to the Historical Professoriate,https://rrchnm.org/essays/gutenberg-e-electronic-entry-to-the-historical-professoriate/,https://web.archive.org/web/20220629181338/https://rrchnm.org/essay/gutenberg-e-electronic-entry-to-the-historical-professoriate/#N_45_,working
Gutenberg-e: Electronic Entry to the Historical Professoriate,https://rrchnm.org/essays/gutenberg-e-electronic-entry-to-the-historical-professoriate/,https://web.archive.org/web/20220629181338/https://rrchnm.org/essay/gutenberg-e-electronic-entry-to-the-historical-professoriate/#N_46_,working
Gutenberg-e: Electronic Entry to the Historical Professoriate,https://rrchnm.org/essays/gutenberg-e-electronic-entry-to-the-historical-professoriate/,https://web.archive.org/web/20220629181338/https://rrchnm.org/essay/gutenberg-e-electronic-entry-to-the-historical-professoriate/#N_47_,working
Gutenberg-e: Electronic Entry to the Historical Professoriate,https://rrchnm.org/essays/gutenberg-e-electronic-entry-to-the-historical-professoriate/,https://web.archive.org/web/20220629181338/https://rrchnm.org/essay/gutenberg-e-electronic-entry-to-the-historical-professoriate/#N_48_,working
Gutenberg-e: Electronic Entry to the Historical Professoriate,https://rrchnm.org/essays/gutenberg-e-electronic-entry-to-the-historical-professoriate/,https://web.archive.org/web/20220629181338/https://rrchnm.org/essay/gutenberg-e-electronic-entry-to-the-historical-professoriate/#N_49_,working
Gutenberg-e: Electronic Entry to the Historical Professoriate,https://rrchnm.org/essays/gutenberg-e-electronic-entry-to-the-historical-professoriate/,https://web.archive.org/web/20220629181338/https://rrchnm.org/essay/gutenberg-e-electronic-entry-to-the-historical-professoriate/#N_50_,working
Gutenberg-e: Electronic Entry to the Historical Professoriate,https://rrchnm.org/essays/gutenberg-e-electronic-entry-to-the-historical-professoriate/,https://web.archive.org/web/20220629181338/https://rrchnm.org/essay/gutenberg-e-electronic-entry-to-the-historical-professoriate/#N_51_,working
Gutenberg-e: Electronic Entry to the Historical Professoriate,https://rrchnm.org/essays/gutenberg-e-electronic-entry-to-the-historical-professoriate/,https://web.archive.org/web/20220629181338/https://rrchnm.org/essay/gutenberg-e-electronic-entry-to-the-historical-professoriate/#N_52_,working
Gutenberg-e: Electronic Entry to the Historical Professoriate,https://rrchnm.org/essays/gutenberg-e-electronic-entry-to-the-historical-professoriate/,https://web.archive.org/web/20220629181338/https://rrchnm.org/essay/gutenberg-e-electronic-entry-to-the-historical-professoriate/#N_53_,working
Gutenberg-e: Electronic Entry to the Historical Professoriate,https://rrchnm.org/essays/gutenberg-e-electronic-entry-to-the-historical-professoriate/,https://web.archive.org/web/20220629181338/https://rrchnm.org/essay/gutenberg-e-electronic-entry-to-the-historical-professoriate/#N_54_,working
Gutenberg-e: Electronic Entry to the Historical Professoriate,https://rrchnm.org/essays/gutenberg-e-electronic-entry-to-the-historical-professoriate/,https://web.archive.org/web/20220629181338/https://rrchnm.org/essay/gutenberg-e-electronic-entry-to-the-historical-professoriate/#N_55_,working
Gutenberg-e: Electronic Entry to the Historical Professoriate,https://rrchnm.org/essays/gutenberg-e-electronic-entry-to-the-historical-professoriate/,https://web.archive.org/web/20220629181338/https://rrchnm.org/essay/gutenberg-e-electronic-entry-to-the-historical-professoriate/#N_56_,working
Gutenberg-e: Electronic Entry to the Historical Professoriate,https://rrchnm.org/essays/gutenberg-e-electronic-entry-to-the-historical-professoriate/,https://web.archive.org/web/20220629181338/https://rrchnm.org/essay/gutenberg-e-electronic-entry-to-the-historical-professoriate/#N_57_,working
Gutenberg-e: Electronic Entry to the Historical Professoriate,https://rrchnm.org/essays/gutenberg-e-electronic-entry-to-the-historical-professoriate/,https://web.archive.org/web/20220629181338/https://rrchnm.org/essay/gutenberg-e-electronic-entry-to-the-historical-professoriate/#N_58_,working
Gutenberg-e: Electronic Entry to the Historical Professoriate,https://rrchnm.org/essays/gutenberg-e-electronic-entry-to-the-historical-professoriate/,https://web.archive.org/web/20220629181338/https://rrchnm.org/essay/gutenberg-e-electronic-entry-to-the-historical-professoriate/#N_59_,working
Gutenberg-e: Electronic Entry to the Historical Professoriate,https://rrchnm.org/essays/gutenberg-e-electronic-entry-to-the-historical-professoriate/,https://web.archive.org/web/20220629181338/https://rrchnm.org/essay/gutenberg-e-electronic-entry-to-the-historical-professoriate/#N_60_,working
Gutenberg-e: Electronic Entry to the Historical Professoriate,https://rrchnm.org/essays/gutenberg-e-electronic-entry-to-the-historical-professoriate/,https://web.archive.org/web/20220629181338/https://rrchnm.org/essay/gutenberg-e-electronic-entry-to-the-historical-professoriate/#N_61_,working
Gutenberg-e: Electronic Entry to the Historical Professoriate,https://rrchnm.org/essays/gutenberg-e-electronic-entry-to-the-historical-professoriate/,https://web.archive.org/web/20220629181338/https://rrchnm.org/essay/gutenberg-e-electronic-entry-to-the-historical-professoriate/#N_62_,working
Gutenberg-e: Electronic Entry to the Historical Professoriate,https://rrchnm.org/essays/gutenberg-e-electronic-entry-to-the-historical-professoriate/,https://web.archive.org/web/20220629181338/https://rrchnm.org/essay/gutenberg-e-electronic-entry-to-the-historical-professoriate/#N_63_,working
Gutenberg-e: Electronic Entry to the Historical Professoriate,https://rrchnm.org/essays/gutenberg-e-electronic-entry-to-the-historical-professoriate/,https://web.archive.org/web/20220629181338/https://rrchnm.org/essay/gutenberg-e-electronic-entry-to-the-historical-professoriate/#N_64_,working
Gutenberg-e: Electronic Entry to the Historical Professoriate,https://rrchnm.org/essays/gutenberg-e-electronic-entry-to-the-historical-professoriate/,https://web.archive.org/web/20220629181338/https://rrchnm.org/essay/gutenberg-e-electronic-entry-to-the-historical-professoriate/#N_65_,working
Gutenberg-e: Electronic Entry to the Historical Professoriate,https://rrchnm.org/essays/gutenberg-e-electronic-entry-to-the-historical-professoriate/,https://web.archive.org/web/20220629181338/https://rrchnm.org/essay/gutenberg-e-electronic-entry-to-the-historical-professoriate/#N_66_,working
Gutenberg-e: Electronic Entry to the Historical Professoriate,https://rrchnm.org/essays/gutenberg-e-electronic-entry-to-the-historical-professoriate/,https://web.archive.org/web/20220629181338/https://rrchnm.org/essay/gutenberg-e-electronic-entry-to-the-historical-professoriate/#N_67_,working
Gutenberg-e: Electronic Entry to the Historical Professoriate,https://rrchnm.org/essays/gutenberg-e-electronic-entry-to-the-historical-professoriate/,https://web.archive.org/web/20220629181338/https://rrchnm.org/essay/gutenberg-e-electronic-entry-to-the-historical-professoriate/#N_68_,working
Gutenberg-e: Electronic Entry to the Historical Professoriate,https://rrchnm.org/essays/gutenberg-e-electronic-entry-to-the-historical-professoriate/,https://web.archive.org/web/20220629181338/https://rrchnm.org/essay/gutenberg-e-electronic-entry-to-the-historical-professoriate/#N_69_,working
Gutenberg-e: Electronic Entry to the Historical Professoriate,https://rrchnm.org/essays/gutenberg-e-electronic-entry-to-the-historical-professoriate/,https://web.archive.org/web/20220629181338/https://rrchnm.org/essay/gutenberg-e-electronic-entry-to-the-historical-professoriate/#N_70_,working
Gutenberg-e: Electronic Entry to the Historical Professoriate,https://rrchnm.org/essays/gutenberg-e-electronic-entry-to-the-historical-professoriate/,https://web.archive.org/web/20220629181338/https://rrchnm.org/essay/gutenberg-e-electronic-entry-to-the-historical-professoriate/#N_71_,working
Gutenberg-e: Electronic Entry to the Historical Professoriate,https://rrchnm.org/essays/gutenberg-e-electronic-entry-to-the-historical-professoriate/,https://web.archive.org/web/20220629181338/https://rrchnm.org/essay/gutenberg-e-electronic-entry-to-the-historical-professoriate/#N_72_,working
Gutenberg-e: Electronic Entry to the Historical Professoriate,https://rrchnm.org/essays/gutenberg-e-electronic-entry-to-the-historical-professoriate/,https://web.archive.org/web/20220629181338/https://rrchnm.org/essay/gutenberg-e-electronic-entry-to-the-historical-professoriate/#N_73_,working
Gutenberg-e: Electronic Entry to the Historical Professoriate,https://rrchnm.org/essays/gutenberg-e-electronic-entry-to-the-historical-professoriate/,https://web.archive.org/web/20220629181338/https://rrchnm.org/essay/gutenberg-e-electronic-entry-to-the-historical-professoriate/#N_74_,working
Gutenberg-e: Electronic Entry to the Historical Professoriate,https://rrchnm.org/essays/gutenberg-e-electronic-entry-to-the-historical-professoriate/,https://web.archive.org/web/20220629181338/https://rrchnm.org/essay/gutenberg-e-electronic-entry-to-the-historical-professoriate/#N_75_,working
Gutenberg-e: Electronic Entry to the Historical Professoriate,https://rrchnm.org/essays/gutenberg-e-electronic-entry-to-the-historical-professoriate/,https://web.archive.org/web/20220629181338/https://rrchnm.org/essay/gutenberg-e-electronic-entry-to-the-historical-professoriate/#N_76_,working
Gutenberg-e: Electronic Entry to the Historical Professoriate,https://rrchnm.org/essays/gutenberg-e-electronic-entry-to-the-historical-professoriate/,https://web.archive.org/web/20220629181338/https://rrchnm.org/essay/gutenberg-e-electronic-entry-to-the-historical-professoriate/#N_77_,working
Gutenberg-e: Electronic Entry to the Historical Professoriate,https://rrchnm.org/essays/gutenberg-e-electronic-entry-to-the-historical-professoriate/,https://web.archive.org/web/20220629181338/https://rrchnm.org/essay/gutenberg-e-electronic-entry-to-the-historical-professoriate/#N_78_,working
Gutenberg-e: Electronic Entry to the Historical Professoriate,https://rrchnm.org/essays/gutenberg-e-electronic-entry-to-the-historical-professoriate/,https://web.archive.org/web/20220629181338/https://rrchnm.org/essay/gutenberg-e-electronic-entry-to-the-historical-professoriate/#N_79_,working
Gutenberg-e: Electronic Entry to the Historical Professoriate,https://rrchnm.org/essays/gutenberg-e-electronic-entry-to-the-historical-professoriate/,https://web.archive.org/web/20220629181338/https://rrchnm.org/essay/gutenberg-e-electronic-entry-to-the-historical-professoriate/#N_80_,working
Gutenberg-e: Electronic Entry to the Historical Professoriate,https://rrchnm.org/essays/gutenberg-e-electronic-entry-to-the-historical-professoriate/,https://web.archive.org/web/20220629181338/https://rrchnm.org/essay/gutenberg-e-electronic-entry-to-the-historical-professoriate/#ref1,working
Gutenberg-e: Electronic Entry to the Historical Professoriate,https://rrchnm.org/essays/gutenberg-e-electronic-entry-to-the-historical-professoriate/,https://web.archive.org/web/20220629181338/http://www.gutenberg-e.org/,working
Gutenberg-e: Electronic Entry to the Historical Professoriate,https://rrchnm.org/essays/gutenberg-e-electronic-entry-to-the-historical-professoriate/,https://web.archive.org/web/20220629181338/http://www.gutenberg.net/,working
Gutenberg-e: Electronic Entry to the Historical Professoriate,https://rrchnm.org/essays/gutenberg-e-electronic-entry-to-the-historical-professoriate/,https://web.archive.org/web/20220629181338/https://rrchnm.org/essay/gutenberg-e-electronic-entry-to-the-historical-professoriate/#ref2,working
Gutenberg-e: Electronic Entry to the Historical Professoriate,https://rrchnm.org/essays/gutenberg-e-electronic-entry-to-the-historical-professoriate/,https://web.archive.org/web/20220629181338/https://rrchnm.org/essay/gutenberg-e-electronic-entry-to-the-historical-professoriate/#ref3,working
Gutenberg-e: Electronic Entry to the Historical Professoriate,https://rrchnm.org/essays/gutenberg-e-electronic-entry-to-the-historical-professoriate/,https://web.archive.org/web/20220629181338/https://rrchnm.org/essay/gutenberg-e-electronic-entry-to-the-historical-professoriate/#ref4,working
Gutenberg-e: Electronic Entry to the Historical Professoriate,https://rrchnm.org/essays/gutenberg-e-electronic-entry-to-the-historical-professoriate/,https://web.archive.org/web/20220629181338/https://rrchnm.org/essay/gutenberg-e-electronic-entry-to-the-historical-professoriate/#ref5,working
Gutenberg-e: Electronic Entry to the Historical Professoriate,https://rrchnm.org/essays/gutenberg-e-electronic-entry-to-the-historical-professoriate/,https://web.archive.org/web/20220629181338/https://rrchnm.org/essay/gutenberg-e-electronic-entry-to-the-historical-professoriate/#ref6,working
Gutenberg-e: Electronic Entry to the Historical Professoriate,https://rrchnm.org/essays/gutenberg-e-electronic-entry-to-the-historical-professoriate/,https://web.archive.org/web/20220629181338/https://rrchnm.org/essay/gutenberg-e-electronic-entry-to-the-historical-professoriate/#ref7,working
Gutenberg-e: Electronic Entry to the Historical Professoriate,https://rrchnm.org/essays/gutenberg-e-electronic-entry-to-the-historical-professoriate/,https://web.archive.org/web/20220629181338/https://rrchnm.org/essay/gutenberg-e-electronic-entry-to-the-historical-professoriate/#ref8,working
Gutenberg-e: Electronic Entry to the Historical Professoriate,https://rrchnm.org/essays/gutenberg-e-electronic-entry-to-the-historical-professoriate/,https://web.archive.org/web/20220629181338/https://rrchnm.org/essay/gutenberg-e-electronic-entry-to-the-historical-professoriate/#ref9,working
Gutenberg-e: Electronic Entry to the Historical Professoriate,https://rrchnm.org/essays/gutenberg-e-electronic-entry-to-the-historical-professoriate/,https://web.archive.org/web/20220629181338/https://rrchnm.org/essay/gutenberg-e-electronic-entry-to-the-historical-professoriate/#ref10,working
Gutenberg-e: Electronic Entry to the Historical Professoriate,https://rrchnm.org/essays/gutenberg-e-electronic-entry-to-the-historical-professoriate/,https://web.archive.org/web/20220629181338/https://rrchnm.org/essay/gutenberg-e-electronic-entry-to-the-historical-professoriate/#ref11,working
Gutenberg-e: Electronic Entry to the Historical Professoriate,https://rrchnm.org/essays/gutenberg-e-electronic-entry-to-the-historical-professoriate/,https://web.archive.org/web/20220629181338/https://rrchnm.org/essay/gutenberg-e-electronic-entry-to-the-historical-professoriate/#ref12,working
Gutenberg-e: Electronic Entry to the Historical Professoriate,https://rrchnm.org/essays/gutenberg-e-electronic-entry-to-the-historical-professoriate/,https://web.archive.org/web/20220629181338/https://rrchnm.org/essay/gutenberg-e-electronic-entry-to-the-historical-professoriate/#ref13,working
Gutenberg-e: Electronic Entry to the Historical Professoriate,https://rrchnm.org/essays/gutenberg-e-electronic-entry-to-the-historical-professoriate/,https://web.archive.org/web/20220629181338/https://rrchnm.org/essay/gutenberg-e-electronic-entry-to-the-historical-professoriate/#ref14,working
Gutenberg-e: Electronic Entry to the Historical Professoriate,https://rrchnm.org/essays/gutenberg-e-electronic-entry-to-the-historical-professoriate/,https://web.archive.org/web/20220629181338/https://rrchnm.org/essay/gutenberg-e-electronic-entry-to-the-historical-professoriate/#ref15,working
Gutenberg-e: Electronic Entry to the Historical Professoriate,https://rrchnm.org/essays/gutenberg-e-electronic-entry-to-the-historical-professoriate/,https://web.archive.org/web/20220629181338/https://rrchnm.org/essay/gutenberg-e-electronic-entry-to-the-historical-professoriate/#ref16,working
Gutenberg-e: Electronic Entry to the Historical Professoriate,https://rrchnm.org/essays/gutenberg-e-electronic-entry-to-the-historical-professoriate/,https://web.archive.org/web/20220629181338/http://www.historians.org/,working
Gutenberg-e: Electronic Entry to the Historical Professoriate,https://rrchnm.org/essays/gutenberg-e-electronic-entry-to-the-historical-professoriate/,https://web.archive.org/web/20220629181338/https://rrchnm.org/essay/gutenberg-e-electronic-entry-to-the-historical-professoriate/#ref17,working
Gutenberg-e: Electronic Entry to the Historical Professoriate,https://rrchnm.org/essays/gutenberg-e-electronic-entry-to-the-historical-professoriate/,https://web.archive.org/web/20220629181338/https://rrchnm.org/essay/gutenberg-e-electronic-entry-to-the-historical-professoriate/#ref18,working
Gutenberg-e: Electronic Entry to the Historical Professoriate,https://rrchnm.org/essays/gutenberg-e-electronic-entry-to-the-historical-professoriate/,https://web.archive.org/web/20220629181338/https://rrchnm.org/essay/gutenberg-e-electronic-entry-to-the-historical-professoriate/#ref19,working
Gutenberg-e: Electronic Entry to the Historical Professoriate,https://rrchnm.org/essays/gutenberg-e-electronic-entry-to-the-historical-professoriate/,https://web.archive.org/web/20220629181338/https://rrchnm.org/essay/gutenberg-e-electronic-entry-to-the-historical-professoriate/#ref20,working
Gutenberg-e: Electronic Entry to the Historical Professoriate,https://rrchnm.org/essays/gutenberg-e-electronic-entry-to-the-historical-professoriate/,https://web.archive.org/web/20220629181338/https://rrchnm.org/essay/gutenberg-e-electronic-entry-to-the-historical-professoriate/#ref21,working
Gutenberg-e: Electronic Entry to the Historical Professoriate,https://rrchnm.org/essays/gutenberg-e-electronic-entry-to-the-historical-professoriate/,https://web.archive.org/web/20220629181338/https://rrchnm.org/essay/gutenberg-e-electronic-entry-to-the-historical-professoriate/#ref22,working
Gutenberg-e: Electronic Entry to the Historical Professoriate,https://rrchnm.org/essays/gutenberg-e-electronic-entry-to-the-historical-professoriate/,https://web.archive.org/web/20220629181338/https://rrchnm.org/essay/gutenberg-e-electronic-entry-to-the-historical-professoriate/#ref23,working
Gutenberg-e: Electronic Entry to the Historical Professoriate,https://rrchnm.org/essays/gutenberg-e-electronic-entry-to-the-historical-professoriate/,https://web.archive.org/web/20220629181338/https://rrchnm.org/essay/gutenberg-e-electronic-entry-to-the-historical-professoriate/#ref24,working
Gutenberg-e: Electronic Entry to the Historical Professoriate,https://rrchnm.org/essays/gutenberg-e-electronic-entry-to-the-historical-professoriate/,https://web.archive.org/web/20220629181338/https://rrchnm.org/essay/gutenberg-e-electronic-entry-to-the-historical-professoriate/#ref25,working
Gutenberg-e: Electronic Entry to the Historical Professoriate,https://rrchnm.org/essays/gutenberg-e-electronic-entry-to-the-historical-professoriate/,https://web.archive.org/web/20220629181338/https://rrchnm.org/essay/gutenberg-e-electronic-entry-to-the-historical-professoriate/#ref26,working
Gutenberg-e: Electronic Entry to the Historical Professoriate,https://rrchnm.org/essays/gutenberg-e-electronic-entry-to-the-historical-professoriate/,https://web.archive.org/web/20220629181338/http://www.historyebook.org/intro.html,working
Gutenberg-e: Electronic Entry to the Historical Professoriate,https://rrchnm.org/essays/gutenberg-e-electronic-entry-to-the-historical-professoriate/,https://web.archive.org/web/20220629181338/https://rrchnm.org/essay/gutenberg-e-electronic-entry-to-the-historical-professoriate/#ref27,working
Gutenberg-e: Electronic Entry to the Historical Professoriate,https://rrchnm.org/essays/gutenberg-e-electronic-entry-to-the-historical-professoriate/,https://web.archive.org/web/20220629181338/https://rrchnm.org/essay/gutenberg-e-electronic-entry-to-the-historical-professoriate/#ref28,working
Gutenberg-e: Electronic Entry to the Historical Professoriate,https://rrchnm.org/essays/gutenberg-e-electronic-entry-to-the-historical-professoriate/,https://web.archive.org/web/20220629181338/http://www.historycooperative.org/,working
Gutenberg-e: Electronic Entry to the Historical Professoriate,https://rrchnm.org/essays/gutenberg-e-electronic-entry-to-the-historical-professoriate/,https://web.archive.org/web/20220629181338/https://rrchnm.org/essay/gutenberg-e-electronic-entry-to-the-historical-professoriate/#ref29,working
Gutenberg-e: Electronic Entry to the Historical Professoriate,https://rrchnm.org/essays/gutenberg-e-electronic-entry-to-the-historical-professoriate/,https://web.archive.org/web/20220629181338/http://www.h-net.org/,working
Gutenberg-e: Electronic Entry to the Historical Professoriate,https://rrchnm.org/essays/gutenberg-e-electronic-entry-to-the-historical-professoriate/,https://web.archive.org/web/20220629181338/http://valley.vcdh.virginia.edu/,status code: 421
Gutenberg-e: Electronic Entry to the Historical Professoriate,https://rrchnm.org/essays/gutenberg-e-electronic-entry-to-the-historical-professoriate/,https://web.archive.org/web/20220629181338/http://historymatters.gmu.edu/,working
Gutenberg-e: Electronic Entry to the Historical Professoriate,https://rrchnm.org/essays/gutenberg-e-electronic-entry-to-the-historical-professoriate/,https://web.archive.org/web/20220629181338/http://www.historycooperative.org/,working
Gutenberg-e: Electronic Entry to the Historical Professoriate,https://rrchnm.org/essays/gutenberg-e-electronic-entry-to-the-historical-professoriate/,https://web.archive.org/web/20220629181338/https://rrchnm.org/essay/gutenberg-e-electronic-entry-to-the-historical-professoriate/#ref30,working
Gutenberg-e: Electronic Entry to the Historical Professoriate,https://rrchnm.org/essays/gutenberg-e-electronic-entry-to-the-historical-professoriate/,https://web.archive.org/web/20220629181338/https://rrchnm.org/essay/gutenberg-e-electronic-entry-to-the-historical-professoriate/#ref31,working
Gutenberg-e: Electronic Entry to the Historical Professoriate,https://rrchnm.org/essays/gutenberg-e-electronic-entry-to-the-historical-professoriate/,https://web.archive.org/web/20220629181338/https://rrchnm.org/essay/gutenberg-e-electronic-entry-to-the-historical-professoriate/#ref32,working
Gutenberg-e: Electronic Entry to the Historical Professoriate,https://rrchnm.org/essays/gutenberg-e-electronic-entry-to-the-historical-professoriate/,https://web.archive.org/web/20220629181338/https://rrchnm.org/essay/gutenberg-e-electronic-entry-to-the-historical-professoriate/#ref33,working
Gutenberg-e: Electronic Entry to the Historical Professoriate,https://rrchnm.org/essays/gutenberg-e-electronic-entry-to-the-historical-professoriate/,https://web.archive.org/web/20220629181338/http://www.gutenberg-e.org//reviewsframe.html,working
Gutenberg-e: Electronic Entry to the Historical Professoriate,https://rrchnm.org/essays/gutenberg-e-electronic-entry-to-the-historical-professoriate/,https://web.archive.org/web/20220629181338/https://rrchnm.org/essay/gutenberg-e-electronic-entry-to-the-historical-professoriate/#ref34,working
Gutenberg-e: Electronic Entry to the Historical Professoriate,https://rrchnm.org/essays/gutenberg-e-electronic-entry-to-the-historical-professoriate/,https://web.archive.org/web/20220629181338/https://rrchnm.org/essay/gutenberg-e-electronic-entry-to-the-historical-professoriate/#ref35,working
Gutenberg-e: Electronic Entry to the Historical Professoriate,https://rrchnm.org/essays/gutenberg-e-electronic-entry-to-the-historical-professoriate/,https://web.archive.org/web/20220629181338/https://rrchnm.org/essay/gutenberg-e-electronic-entry-to-the-historical-professoriate/#ref36,working
Gutenberg-e: Electronic Entry to the Historical Professoriate,https://rrchnm.org/essays/gutenberg-e-electronic-entry-to-the-historical-professoriate/,https://web.archive.org/web/20220629181338/https://rrchnm.org/essay/gutenberg-e-electronic-entry-to-the-historical-professoriate/#ref37,working
Gutenberg-e: Electronic Entry to the Historical Professoriate,https://rrchnm.org/essays/gutenberg-e-electronic-entry-to-the-historical-professoriate/,https://web.archive.org/web/20220629181338/https://rrchnm.org/essay/gutenberg-e-electronic-entry-to-the-historical-professoriate/#ref38,working
Gutenberg-e: Electronic Entry to the Historical Professoriate,https://rrchnm.org/essays/gutenberg-e-electronic-entry-to-the-historical-professoriate/,https://web.archive.org/web/20220629181338/https://rrchnm.org/essay/gutenberg-e-electronic-entry-to-the-historical-professoriate/#ref39,working
Gutenberg-e: Electronic Entry to the Historical Professoriate,https://rrchnm.org/essays/gutenberg-e-electronic-entry-to-the-historical-professoriate/,https://web.archive.org/web/20220629181338/https://rrchnm.org/essay/gutenberg-e-electronic-entry-to-the-historical-professoriate/#ref40,working
Gutenberg-e: Electronic Entry to the Historical Professoriate,https://rrchnm.org/essays/gutenberg-e-electronic-entry-to-the-historical-professoriate/,https://web.archive.org/web/20220629181338/https://rrchnm.org/essay/gutenberg-e-electronic-entry-to-the-historical-professoriate/#ref41,working
Gutenberg-e: Electronic Entry to the Historical Professoriate,https://rrchnm.org/essays/gutenberg-e-electronic-entry-to-the-historical-professoriate/,https://web.archive.org/web/20220629181338/https://rrchnm.org/essay/gutenberg-e-electronic-entry-to-the-historical-professoriate/#ref42,working
Gutenberg-e: Electronic Entry to the Historical Professoriate,https://rrchnm.org/essays/gutenberg-e-electronic-entry-to-the-historical-professoriate/,https://web.archive.org/web/20220629181338/https://rrchnm.org/essay/gutenberg-e-electronic-entry-to-the-historical-professoriate/#ref43,working
Gutenberg-e: Electronic Entry to the Historical Professoriate,https://rrchnm.org/essays/gutenberg-e-electronic-entry-to-the-historical-professoriate/,https://web.archive.org/web/20220629181338/https://rrchnm.org/essay/gutenberg-e-electronic-entry-to-the-historical-professoriate/#ref44,working
Gutenberg-e: Electronic Entry to the Historical Professoriate,https://rrchnm.org/essays/gutenberg-e-electronic-entry-to-the-historical-professoriate/,https://web.archive.org/web/20220629181338/https://rrchnm.org/essay/gutenberg-e-electronic-entry-to-the-historical-professoriate/#ref45,working
Gutenberg-e: Electronic Entry to the Historical Professoriate,https://rrchnm.org/essays/gutenberg-e-electronic-entry-to-the-historical-professoriate/,https://web.archive.org/web/20220629181338/https://rrchnm.org/essay/gutenberg-e-electronic-entry-to-the-historical-professoriate/#ref46,working
Gutenberg-e: Electronic Entry to the Historical Professoriate,https://rrchnm.org/essays/gutenberg-e-electronic-entry-to-the-historical-professoriate/,https://web.archive.org/web/20220629181338/https://rrchnm.org/essay/gutenberg-e-electronic-entry-to-the-historical-professoriate/#ref47,working
Gutenberg-e: Electronic Entry to the Historical Professoriate,https://rrchnm.org/essays/gutenberg-e-electronic-entry-to-the-historical-professoriate/,https://web.archive.org/web/20220629181338/https://rrchnm.org/essay/gutenberg-e-electronic-entry-to-the-historical-professoriate/#ref48,working
Gutenberg-e: Electronic Entry to the Historical Professoriate,https://rrchnm.org/essays/gutenberg-e-electronic-entry-to-the-historical-professoriate/,https://web.archive.org/web/20220629181338/https://rrchnm.org/essay/gutenberg-e-electronic-entry-to-the-historical-professoriate/#ref49,working
Gutenberg-e: Electronic Entry to the Historical Professoriate,https://rrchnm.org/essays/gutenberg-e-electronic-entry-to-the-historical-professoriate/,https://web.archive.org/web/20220629181338/https://rrchnm.org/essay/gutenberg-e-electronic-entry-to-the-historical-professoriate/#ref50,working
Gutenberg-e: Electronic Entry to the Historical Professoriate,https://rrchnm.org/essays/gutenberg-e-electronic-entry-to-the-historical-professoriate/,https://web.archive.org/web/20220629181338/https://rrchnm.org/essay/gutenberg-e-electronic-entry-to-the-historical-professoriate/#ref51,working
Gutenberg-e: Electronic Entry to the Historical Professoriate,https://rrchnm.org/essays/gutenberg-e-electronic-entry-to-the-historical-professoriate/,https://web.archive.org/web/20220629181338/https://rrchnm.org/essay/gutenberg-e-electronic-entry-to-the-historical-professoriate/#ref52,working
Gutenberg-e: Electronic Entry to the Historical Professoriate,https://rrchnm.org/essays/gutenberg-e-electronic-entry-to-the-historical-professoriate/,https://web.archive.org/web/20220629181338/https://rrchnm.org/essay/gutenberg-e-electronic-entry-to-the-historical-professoriate/#ref53,working
Gutenberg-e: Electronic Entry to the Historical Professoriate,https://rrchnm.org/essays/gutenberg-e-electronic-entry-to-the-historical-professoriate/,https://web.archive.org/web/20220629181338/https://rrchnm.org/essay/gutenberg-e-electronic-entry-to-the-historical-professoriate/#ref54,working
Gutenberg-e: Electronic Entry to the Historical Professoriate,https://rrchnm.org/essays/gutenberg-e-electronic-entry-to-the-historical-professoriate/,https://web.archive.org/web/20220629181338/https://rrchnm.org/essay/gutenberg-e-electronic-entry-to-the-historical-professoriate/#ref55,working
Gutenberg-e: Electronic Entry to the Historical Professoriate,https://rrchnm.org/essays/gutenberg-e-electronic-entry-to-the-historical-professoriate/,https://web.archive.org/web/20220629181338/https://rrchnm.org/essay/gutenberg-e-electronic-entry-to-the-historical-professoriate/#ref56,working
Gutenberg-e: Electronic Entry to the Historical Professoriate,https://rrchnm.org/essays/gutenberg-e-electronic-entry-to-the-historical-professoriate/,https://web.archive.org/web/20220629181338/https://rrchnm.org/essay/gutenberg-e-electronic-entry-to-the-historical-professoriate/#ref57,working
Gutenberg-e: Electronic Entry to the Historical Professoriate,https://rrchnm.org/essays/gutenberg-e-electronic-entry-to-the-historical-professoriate/,https://web.archive.org/web/20220629181338/http://www.gutenberg-e.org/,working
Gutenberg-e: Electronic Entry to the Historical Professoriate,https://rrchnm.org/essays/gutenberg-e-electronic-entry-to-the-historical-professoriate/,https://web.archive.org/web/20220629181338/https://rrchnm.org/essay/gutenberg-e-electronic-entry-to-the-historical-professoriate/#ref58,working
Gutenberg-e: Electronic Entry to the Historical Professoriate,https://rrchnm.org/essays/gutenberg-e-electronic-entry-to-the-historical-professoriate/,https://web.archive.org/web/20220629181338/https://rrchnm.org/essay/gutenberg-e-electronic-entry-to-the-historical-professoriate/#ref59,working
Gutenberg-e: Electronic Entry to the Historical Professoriate,https://rrchnm.org/essays/gutenberg-e-electronic-entry-to-the-historical-professoriate/,https://web.archive.org/web/20220629181338/https://rrchnm.org/essay/gutenberg-e-electronic-entry-to-the-historical-professoriate/#ref60,working
Gutenberg-e: Electronic Entry to the Historical Professoriate,https://rrchnm.org/essays/gutenberg-e-electronic-entry-to-the-historical-professoriate/,https://web.archive.org/web/20220629181338/https://rrchnm.org/essay/gutenberg-e-electronic-entry-to-the-historical-professoriate/#ref61,working
Gutenberg-e: Electronic Entry to the Historical Professoriate,https://rrchnm.org/essays/gutenberg-e-electronic-entry-to-the-historical-professoriate/,https://web.archive.org/web/20220629181338/https://rrchnm.org/essay/gutenberg-e-electronic-entry-to-the-historical-professoriate/#ref62,working
Gutenberg-e: Electronic Entry to the Historical Professoriate,https://rrchnm.org/essays/gutenberg-e-electronic-entry-to-the-historical-professoriate/,https://web.archive.org/web/20220629181338/https://rrchnm.org/essay/gutenberg-e-electronic-entry-to-the-historical-professoriate/#ref63,working
Gutenberg-e: Electronic Entry to the Historical Professoriate,https://rrchnm.org/essays/gutenberg-e-electronic-entry-to-the-historical-professoriate/,https://web.archive.org/web/20220629181338/https://rrchnm.org/essay/gutenberg-e-electronic-entry-to-the-historical-professoriate/#ref64,working
Gutenberg-e: Electronic Entry to the Historical Professoriate,https://rrchnm.org/essays/gutenberg-e-electronic-entry-to-the-historical-professoriate/,https://web.archive.org/web/20220629181338/https://rrchnm.org/essay/gutenberg-e-electronic-entry-to-the-historical-professoriate/#ref65,working
Gutenberg-e: Electronic Entry to the Historical Professoriate,https://rrchnm.org/essays/gutenberg-e-electronic-entry-to-the-historical-professoriate/,https://web.archive.org/web/20220629181338/https://rrchnm.org/essay/gutenberg-e-electronic-entry-to-the-historical-professoriate/#ref66,working
Gutenberg-e: Electronic Entry to the Historical Professoriate,https://rrchnm.org/essays/gutenberg-e-electronic-entry-to-the-historical-professoriate/,https://web.archive.org/web/20220629181338/https://rrchnm.org/essay/gutenberg-e-electronic-entry-to-the-historical-professoriate/#ref67,working
Gutenberg-e: Electronic Entry to the Historical Professoriate,https://rrchnm.org/essays/gutenberg-e-electronic-entry-to-the-historical-professoriate/,https://web.archive.org/web/20220629181338/https://rrchnm.org/essay/gutenberg-e-electronic-entry-to-the-historical-professoriate/#ref68,working
Gutenberg-e: Electronic Entry to the Historical Professoriate,https://rrchnm.org/essays/gutenberg-e-electronic-entry-to-the-historical-professoriate/,https://web.archive.org/web/20220629181338/https://rrchnm.org/essay/gutenberg-e-electronic-entry-to-the-historical-professoriate/#ref69,working
Gutenberg-e: Electronic Entry to the Historical Professoriate,https://rrchnm.org/essays/gutenberg-e-electronic-entry-to-the-historical-professoriate/,https://web.archive.org/web/20220629181338/https://rrchnm.org/essay/gutenberg-e-electronic-entry-to-the-historical-professoriate/#ref70,working
Gutenberg-e: Electronic Entry to the Historical Professoriate,https://rrchnm.org/essays/gutenberg-e-electronic-entry-to-the-historical-professoriate/,https://web.archive.org/web/20220629181338/https://rrchnm.org/essay/gutenberg-e-electronic-entry-to-the-historical-professoriate/#ref71,working
Gutenberg-e: Electronic Entry to the Historical Professoriate,https://rrchnm.org/essays/gutenberg-e-electronic-entry-to-the-historical-professoriate/,https://web.archive.org/web/20220629181338/https://rrchnm.org/essay/gutenberg-e-electronic-entry-to-the-historical-professoriate/#ref72,working
Gutenberg-e: Electronic Entry to the Historical Professoriate,https://rrchnm.org/essays/gutenberg-e-electronic-entry-to-the-historical-professoriate/,https://web.archive.org/web/20220629181338/https://rrchnm.org/essay/gutenberg-e-electronic-entry-to-the-historical-professoriate/#ref73,working
Gutenberg-e: Electronic Entry to the Historical Professoriate,https://rrchnm.org/essays/gutenberg-e-electronic-entry-to-the-historical-professoriate/,https://web.archive.org/web/20220629181338/https://rrchnm.org/essay/gutenberg-e-electronic-entry-to-the-historical-professoriate/#ref74,working
Gutenberg-e: Electronic Entry to the Historical Professoriate,https://rrchnm.org/essays/gutenberg-e-electronic-entry-to-the-historical-professoriate/,https://web.archive.org/web/20220629181338/https://rrchnm.org/essay/gutenberg-e-electronic-entry-to-the-historical-professoriate/#ref75,working
Gutenberg-e: Electronic Entry to the Historical Professoriate,https://rrchnm.org/essays/gutenberg-e-electronic-entry-to-the-historical-professoriate/,https://web.archive.org/web/20220629181338/https://rrchnm.org/essay/gutenberg-e-electronic-entry-to-the-historical-professoriate/#ref76,working
Gutenberg-e: Electronic Entry to the Historical Professoriate,https://rrchnm.org/essays/gutenberg-e-electronic-entry-to-the-historical-professoriate/,https://web.archive.org/web/20220629181338/https://rrchnm.org/essay/gutenberg-e-electronic-entry-to-the-historical-professoriate/#ref77,working
Gutenberg-e: Electronic Entry to the Historical Professoriate,https://rrchnm.org/essays/gutenberg-e-electronic-entry-to-the-historical-professoriate/,https://web.archive.org/web/20220629181338/https://rrchnm.org/essay/gutenberg-e-electronic-entry-to-the-historical-professoriate/#ref78,working
Gutenberg-e: Electronic Entry to the Historical Professoriate,https://rrchnm.org/essays/gutenberg-e-electronic-entry-to-the-historical-professoriate/,https://web.archive.org/web/20220629181338/https://rrchnm.org/essay/gutenberg-e-electronic-entry-to-the-historical-professoriate/#ref79,working
Gutenberg-e: Electronic Entry to the Historical Professoriate,https://rrchnm.org/essays/gutenberg-e-electronic-entry-to-the-historical-professoriate/,https://web.archive.org/web/20220629181338/https://rrchnm.org/essay/gutenberg-e-electronic-entry-to-the-historical-professoriate/#ref80,working
History and the Second Decade of the Web,https://rrchnm.org/essays/history-and-the-second-decade-of-the-web/,https://web.archive.org/web/20220629184910/http://www.h-net.msu.edu/,working
History and the Second Decade of the Web,https://rrchnm.org/essays/history-and-the-second-decade-of-the-web/,https://web.archive.org/web/20220629184910/http://echo.gmu.edu/,working
History and the Second Decade of the Web,https://rrchnm.org/essays/history-and-the-second-decade-of-the-web/,https://web.archive.org/web/20220629184910/http://911digitalarchive.org/,working
History and the Second Decade of the Web,https://rrchnm.org/essays/history-and-the-second-decade-of-the-web/,https://web.archive.org/web/20220629184910/http://www.library.cornell.edu/mathbooks/,working
History and the Second Decade of the Web,https://rrchnm.org/essays/history-and-the-second-decade-of-the-web/,https://web.archive.org/web/20220629184910/http://chnm.gmu.edu/tools/syllabi,status code: 404
History and the Second Decade of the Web,https://rrchnm.org/essays/history-and-the-second-decade-of-the-web/,https://web.archive.org/web/20220629184910/https://rrchnm.org/essay/history-and-the-second-decade-of-the-web/#ref1,working
History and the Second Decade of the Web,https://rrchnm.org/essays/history-and-the-second-decade-of-the-web/,https://web.archive.org/web/20220629184910/http://www.tandf.co.uk/journals/titles/13642529.asp,working
History and the Second Decade of the Web,https://rrchnm.org/essays/history-and-the-second-decade-of-the-web/,https://web.archive.org/web/20220629184910/http://hnn.us/articles/1675.html,working
History and the Second Decade of the Web,https://rrchnm.org/essays/history-and-the-second-decade-of-the-web/,https://web.archive.org/web/20220629184910/http://www.doit.gmu.edu/inventio/spring00/%3C/omalley,status code: 404
"History and the Web, From the Illustrated Newspaper to Cyberspace: Visual Technologies and Interaction in the Nineteenth and Twenty-First Centuries",https://rrchnm.org/essays/history-and-the-web-from-the-illustrated-newspaper-to-cyberspace-visual-technologies-and-interaction-in-the-nineteenth-and-twenty-first-centuries/,https://web.archive.org/web/20220629185430/https://rrchnm.org/essay/history-and-the-web-from-the-illustrated-newspaper-to-cyberspace-visual-technologies-and-interaction-in-the-nineteenth-and-twenty-first-centuries/#N_1_,working
"History and the Web, From the Illustrated Newspaper to Cyberspace: Visual Technologies and Interaction in the Nineteenth and Twenty-First Centuries",https://rrchnm.org/essays/history-and-the-web-from-the-illustrated-newspaper-to-cyberspace-visual-technologies-and-interaction-in-the-nineteenth-and-twenty-first-centuries/,https://web.archive.org/web/20220629185430/http://www.metmuseum.org/explore/gw/el_gw_bigimage.htm,working
"History and the Web, From the Illustrated Newspaper to Cyberspace: Visual Technologies and Interaction in the Nineteenth and Twenty-First Centuries",https://rrchnm.org/essays/history-and-the-web-from-the-illustrated-newspaper-to-cyberspace-visual-technologies-and-interaction-in-the-nineteenth-and-twenty-first-centuries/,https://web.archive.org/web/20220629185430/http://www.geh.org/ne/mismi3/topofimage,status code: 404
"History and the Web, From the Illustrated Newspaper to Cyberspace: Visual Technologies and Interaction in the Nineteenth and Twenty-First Centuries",https://rrchnm.org/essays/history-and-the-web-from-the-illustrated-newspaper-to-cyberspace-visual-technologies-and-interaction-in-the-nineteenth-and-twenty-first-centuries/,https://web.archive.org/web/20220629185430/http://www.geh.org/fm/lwhprints/htmlsrc2/topofimage,status code: 404
"History and the Web, From the Illustrated Newspaper to Cyberspace: Visual Technologies and Interaction in the Nineteenth and Twenty-First Centuries",https://rrchnm.org/essays/history-and-the-web-from-the-illustrated-newspaper-to-cyberspace-visual-technologies-and-interaction-in-the-nineteenth-and-twenty-first-centuries/,https://web.archive.org/web/20220629185430/http://web.gc.cuny.edu/ashp/RH/wba1a.htm,working
"History and the Web, From the Illustrated Newspaper to Cyberspace: Visual Technologies and Interaction in the Nineteenth and Twenty-First Centuries",https://rrchnm.org/essays/history-and-the-web-from-the-illustrated-newspaper-to-cyberspace-visual-technologies-and-interaction-in-the-nineteenth-and-twenty-first-centuries/,https://web.archive.org/web/20220629185430/http://chnm.gmu.edu/images/brown_fig1.jpg,working
"History and the Web, From the Illustrated Newspaper to Cyberspace: Visual Technologies and Interaction in the Nineteenth and Twenty-First Centuries",https://rrchnm.org/essays/history-and-the-web-from-the-illustrated-newspaper-to-cyberspace-visual-technologies-and-interaction-in-the-nineteenth-and-twenty-first-centuries/,https://web.archive.org/web/20220629185430/http://chnm.gmu.edu/images/brown_fig2.jpg,working
"History and the Web, From the Illustrated Newspaper to Cyberspace: Visual Technologies and Interaction in the Nineteenth and Twenty-First Centuries",https://rrchnm.org/essays/history-and-the-web-from-the-illustrated-newspaper-to-cyberspace-visual-technologies-and-interaction-in-the-nineteenth-and-twenty-first-centuries/,https://web.archive.org/web/20220629185430/http://web.gc.cuny.edu/ashp/RH/wba1b.htm,working
"History and the Web, From the Illustrated Newspaper to Cyberspace: Visual Technologies and Interaction in the Nineteenth and Twenty-First Centuries",https://rrchnm.org/essays/history-and-the-web-from-the-illustrated-newspaper-to-cyberspace-visual-technologies-and-interaction-in-the-nineteenth-and-twenty-first-centuries/,https://web.archive.org/web/20220629185430/http://web.gc.cuny.edu/ashp/RH/wba1c.htm,working
"History and the Web, From the Illustrated Newspaper to Cyberspace: Visual Technologies and Interaction in the Nineteenth and Twenty-First Centuries",https://rrchnm.org/essays/history-and-the-web-from-the-illustrated-newspaper-to-cyberspace-visual-technologies-and-interaction-in-the-nineteenth-and-twenty-first-centuries/,https://web.archive.org/web/20220629185430/http://web.gc.cuny.edu/ashp/RH/wba1d.htm,working
"History and the Web, From the Illustrated Newspaper to Cyberspace: Visual Technologies and Interaction in the Nineteenth and Twenty-First Centuries",https://rrchnm.org/essays/history-and-the-web-from-the-illustrated-newspaper-to-cyberspace-visual-technologies-and-interaction-in-the-nineteenth-and-twenty-first-centuries/,https://web.archive.org/web/20220629185430/http://chnm.gmu.edu/images/brown_fig3.jpg,working
"History and the Web, From the Illustrated Newspaper to Cyberspace: Visual Technologies and Interaction in the Nineteenth and Twenty-First Centuries",https://rrchnm.org/essays/history-and-the-web-from-the-illustrated-newspaper-to-cyberspace-visual-technologies-and-interaction-in-the-nineteenth-and-twenty-first-centuries/,https://web.archive.org/web/20220629185430/http://web.gc.cuny.edu/ashp/RH/wba2.htm,working
"History and the Web, From the Illustrated Newspaper to Cyberspace: Visual Technologies and Interaction in the Nineteenth and Twenty-First Centuries",https://rrchnm.org/essays/history-and-the-web-from-the-illustrated-newspaper-to-cyberspace-visual-technologies-and-interaction-in-the-nineteenth-and-twenty-first-centuries/,https://web.archive.org/web/20220629185430/http://www.chnm.gmu.edu/revolution,working
"History and the Web, From the Illustrated Newspaper to Cyberspace: Visual Technologies and Interaction in the Nineteenth and Twenty-First Centuries",https://rrchnm.org/essays/history-and-the-web-from-the-illustrated-newspaper-to-cyberspace-visual-technologies-and-interaction-in-the-nineteenth-and-twenty-first-centuries/,https://web.archive.org/web/20220629185430/http://historymatters.gmu.edu/,working
"History and the Web, From the Illustrated Newspaper to Cyberspace: Visual Technologies and Interaction in the Nineteenth and Twenty-First Centuries",https://rrchnm.org/essays/history-and-the-web-from-the-illustrated-newspaper-to-cyberspace-visual-technologies-and-interaction-in-the-nineteenth-and-twenty-first-centuries/,https://web.archive.org/web/20220629185430/http://historymatters.gmu.edu/search.php,working
"History and the Web, From the Illustrated Newspaper to Cyberspace: Visual Technologies and Interaction in the Nineteenth and Twenty-First Centuries",https://rrchnm.org/essays/history-and-the-web-from-the-illustrated-newspaper-to-cyberspace-visual-technologies-and-interaction-in-the-nineteenth-and-twenty-first-centuries/,https://web.archive.org/web/20220629185430/https://rrchnm.org/essay/history-and-the-web-from-the-illustrated-newspaper-to-cyberspace-visual-technologies-and-interaction-in-the-nineteenth-and-twenty-first-centuries/#N_2_,working
"History and the Web, From the Illustrated Newspaper to Cyberspace: Visual Technologies and Interaction in the Nineteenth and Twenty-First Centuries",https://rrchnm.org/essays/history-and-the-web-from-the-illustrated-newspaper-to-cyberspace-visual-technologies-and-interaction-in-the-nineteenth-and-twenty-first-centuries/,https://web.archive.org/web/20220629185430/http://chnm.gmu.edu/images/brown_fig4.jpg,working
"History and the Web, From the Illustrated Newspaper to Cyberspace: Visual Technologies and Interaction in the Nineteenth and Twenty-First Centuries",https://rrchnm.org/essays/history-and-the-web-from-the-illustrated-newspaper-to-cyberspace-visual-technologies-and-interaction-in-the-nineteenth-and-twenty-first-centuries/,https://web.archive.org/web/20220629185430/http://chnm.gmu.edu/images/brown_fig5.jpg,working
"History and the Web, From the Illustrated Newspaper to Cyberspace: Visual Technologies and Interaction in the Nineteenth and Twenty-First Centuries",https://rrchnm.org/essays/history-and-the-web-from-the-illustrated-newspaper-to-cyberspace-visual-technologies-and-interaction-in-the-nineteenth-and-twenty-first-centuries/,https://web.archive.org/web/20220629185430/http://chnm.gmu.edu/images/brown_fig6.jpg,working
"History and the Web, From the Illustrated Newspaper to Cyberspace: Visual Technologies and Interaction in the Nineteenth and Twenty-First Centuries",https://rrchnm.org/essays/history-and-the-web-from-the-illustrated-newspaper-to-cyberspace-visual-technologies-and-interaction-in-the-nineteenth-and-twenty-first-centuries/,https://web.archive.org/web/20220629185430/http://chnm.gmu.edu/images/brown_fig7.jpg,working
"History and the Web, From the Illustrated Newspaper to Cyberspace: Visual Technologies and Interaction in the Nineteenth and Twenty-First Centuries",https://rrchnm.org/essays/history-and-the-web-from-the-illustrated-newspaper-to-cyberspace-visual-technologies-and-interaction-in-the-nineteenth-and-twenty-first-centuries/,https://web.archive.org/web/20220629185430/http://chnm.gmu.edu/images/brown_fig8.jpg,working
"History and the Web, From the Illustrated Newspaper to Cyberspace: Visual Technologies and Interaction in the Nineteenth and Twenty-First Centuries",https://rrchnm.org/essays/history-and-the-web-from-the-illustrated-newspaper-to-cyberspace-visual-technologies-and-interaction-in-the-nineteenth-and-twenty-first-centuries/,https://web.archive.org/web/20220629185430/https://rrchnm.org/essay/history-and-the-web-from-the-illustrated-newspaper-to-cyberspace-visual-technologies-and-interaction-in-the-nineteenth-and-twenty-first-centuries/#N_3_,working
"History and the Web, From the Illustrated Newspaper to Cyberspace: Visual Technologies and Interaction in the Nineteenth and Twenty-First Centuries",https://rrchnm.org/essays/history-and-the-web-from-the-illustrated-newspaper-to-cyberspace-visual-technologies-and-interaction-in-the-nineteenth-and-twenty-first-centuries/,https://web.archive.org/web/20220629185430/http://chnm.gmu.edu/lostmuseum/lm/16/,working
"History and the Web, From the Illustrated Newspaper to Cyberspace: Visual Technologies and Interaction in the Nineteenth and Twenty-First Centuries",https://rrchnm.org/essays/history-and-the-web-from-the-illustrated-newspaper-to-cyberspace-visual-technologies-and-interaction-in-the-nineteenth-and-twenty-first-centuries/,https://web.archive.org/web/20220629185430/https://rrchnm.org/essay/history-and-the-web-from-the-illustrated-newspaper-to-cyberspace-visual-technologies-and-interaction-in-the-nineteenth-and-twenty-first-centuries/#N_4_,working
"History and the Web, From the Illustrated Newspaper to Cyberspace: Visual Technologies and Interaction in the Nineteenth and Twenty-First Centuries",https://rrchnm.org/essays/history-and-the-web-from-the-illustrated-newspaper-to-cyberspace-visual-technologies-and-interaction-in-the-nineteenth-and-twenty-first-centuries/,https://web.archive.org/web/20220629185430/http://www.lostmuseum.cuny.edu/,working
"History and the Web, From the Illustrated Newspaper to Cyberspace: Visual Technologies and Interaction in the Nineteenth and Twenty-First Centuries",https://rrchnm.org/essays/history-and-the-web-from-the-illustrated-newspaper-to-cyberspace-visual-technologies-and-interaction-in-the-nineteenth-and-twenty-first-centuries/,https://web.archive.org/web/20220629185430/https://rrchnm.org/essay/history-and-the-web-from-the-illustrated-newspaper-to-cyberspace-visual-technologies-and-interaction-in-the-nineteenth-and-twenty-first-centuries/www.lostmuseum.cuny.edu/barnum.html,status code: 404
"History and the Web, From the Illustrated Newspaper to Cyberspace: Visual Technologies and Interaction in the Nineteenth and Twenty-First Centuries",https://rrchnm.org/essays/history-and-the-web-from-the-illustrated-newspaper-to-cyberspace-visual-technologies-and-interaction-in-the-nineteenth-and-twenty-first-centuries/,https://web.archive.org/web/20220629185430/http://chnm.gmu.edu/images/brown_fig9.jpg,working
"History and the Web, From the Illustrated Newspaper to Cyberspace: Visual Technologies and Interaction in the Nineteenth and Twenty-First Centuries",https://rrchnm.org/essays/history-and-the-web-from-the-illustrated-newspaper-to-cyberspace-visual-technologies-and-interaction-in-the-nineteenth-and-twenty-first-centuries/,https://web.archive.org/web/20220629185430/http://chnm.gmu.edu/images/brown_fig10.jpg,working
"History and the Web, From the Illustrated Newspaper to Cyberspace: Visual Technologies and Interaction in the Nineteenth and Twenty-First Centuries",https://rrchnm.org/essays/history-and-the-web-from-the-illustrated-newspaper-to-cyberspace-visual-technologies-and-interaction-in-the-nineteenth-and-twenty-first-centuries/,https://web.archive.org/web/20220629185430/http://chnm.gmu.edu/images/brown_fig11.jpg,working
"History and the Web, From the Illustrated Newspaper to Cyberspace: Visual Technologies and Interaction in the Nineteenth and Twenty-First Centuries",https://rrchnm.org/essays/history-and-the-web-from-the-illustrated-newspaper-to-cyberspace-visual-technologies-and-interaction-in-the-nineteenth-and-twenty-first-centuries/,https://web.archive.org/web/20220629185430/http://www.lostmuseum.cuny.edu/barnum.html,working
"History and the Web, From the Illustrated Newspaper to Cyberspace: Visual Technologies and Interaction in the Nineteenth and Twenty-First Centuries",https://rrchnm.org/essays/history-and-the-web-from-the-illustrated-newspaper-to-cyberspace-visual-technologies-and-interaction-in-the-nineteenth-and-twenty-first-centuries/,https://web.archive.org/web/20220629185430/https://rrchnm.org/essay/history-and-the-web-from-the-illustrated-newspaper-to-cyberspace-visual-technologies-and-interaction-in-the-nineteenth-and-twenty-first-centuries/#N_5_,working
"History and the Web, From the Illustrated Newspaper to Cyberspace: Visual Technologies and Interaction in the Nineteenth and Twenty-First Centuries",https://rrchnm.org/essays/history-and-the-web-from-the-illustrated-newspaper-to-cyberspace-visual-technologies-and-interaction-in-the-nineteenth-and-twenty-first-centuries/,https://web.archive.org/web/20220629185430/http://web.gc.cuny.edu/ashp/RH/flin.htm,working
"History and the Web, From the Illustrated Newspaper to Cyberspace: Visual Technologies and Interaction in the Nineteenth and Twenty-First Centuries",https://rrchnm.org/essays/history-and-the-web-from-the-illustrated-newspaper-to-cyberspace-visual-technologies-and-interaction-in-the-nineteenth-and-twenty-first-centuries/,https://web.archive.org/web/20220629185430/https://rrchnm.org/essay/history-and-the-web-from-the-illustrated-newspaper-to-cyberspace-visual-technologies-and-interaction-in-the-nineteenth-and-twenty-first-centuries/#N_6_,working
"History and the Web, From the Illustrated Newspaper to Cyberspace: Visual Technologies and Interaction in the Nineteenth and Twenty-First Centuries",https://rrchnm.org/essays/history-and-the-web-from-the-illustrated-newspaper-to-cyberspace-visual-technologies-and-interaction-in-the-nineteenth-and-twenty-first-centuries/,https://web.archive.org/web/20220629185430/https://rrchnm.org/essay/history-and-the-web-from-the-illustrated-newspaper-to-cyberspace-visual-technologies-and-interaction-in-the-nineteenth-and-twenty-first-centuries/#N_7_,working
"History and the Web, From the Illustrated Newspaper to Cyberspace: Visual Technologies and Interaction in the Nineteenth and Twenty-First Centuries",https://rrchnm.org/essays/history-and-the-web-from-the-illustrated-newspaper-to-cyberspace-visual-technologies-and-interaction-in-the-nineteenth-and-twenty-first-centuries/,https://web.archive.org/web/20220629185430/http://chnm.gmu.edu/images/brown_fig12.jpg,working
"History and the Web, From the Illustrated Newspaper to Cyberspace: Visual Technologies and Interaction in the Nineteenth and Twenty-First Centuries",https://rrchnm.org/essays/history-and-the-web-from-the-illustrated-newspaper-to-cyberspace-visual-technologies-and-interaction-in-the-nineteenth-and-twenty-first-centuries/,https://web.archive.org/web/20220629185430/http://chnm.gmu.edu/images/brown_fig13.jpg,working
"History and the Web, From the Illustrated Newspaper to Cyberspace: Visual Technologies and Interaction in the Nineteenth and Twenty-First Centuries",https://rrchnm.org/essays/history-and-the-web-from-the-illustrated-newspaper-to-cyberspace-visual-technologies-and-interaction-in-the-nineteenth-and-twenty-first-centuries/,https://web.archive.org/web/20220629185430/http://web.gc.cuny.edu/ashp/RH/flin2.htm,working
"History and the Web, From the Illustrated Newspaper to Cyberspace: Visual Technologies and Interaction in the Nineteenth and Twenty-First Centuries",https://rrchnm.org/essays/history-and-the-web-from-the-illustrated-newspaper-to-cyberspace-visual-technologies-and-interaction-in-the-nineteenth-and-twenty-first-centuries/,https://web.archive.org/web/20220629185430/http://www.ashp.cuny.edu/jaas/jaasfig23.htm,status code: 404
"History and the Web, From the Illustrated Newspaper to Cyberspace: Visual Technologies and Interaction in the Nineteenth and Twenty-First Centuries",https://rrchnm.org/essays/history-and-the-web-from-the-illustrated-newspaper-to-cyberspace-visual-technologies-and-interaction-in-the-nineteenth-and-twenty-first-centuries/,https://web.archive.org/web/20220629185430/https://rrchnm.org/essay/history-and-the-web-from-the-illustrated-newspaper-to-cyberspace-visual-technologies-and-interaction-in-the-nineteenth-and-twenty-first-centuries/#N_8_,working
"History and the Web, From the Illustrated Newspaper to Cyberspace: Visual Technologies and Interaction in the Nineteenth and Twenty-First Centuries",https://rrchnm.org/essays/history-and-the-web-from-the-illustrated-newspaper-to-cyberspace-visual-technologies-and-interaction-in-the-nineteenth-and-twenty-first-centuries/,https://web.archive.org/web/20220629185430/http://chnm.gmu.edu/images/brown_fig14.jpg,working
"History and the Web, From the Illustrated Newspaper to Cyberspace: Visual Technologies and Interaction in the Nineteenth and Twenty-First Centuries",https://rrchnm.org/essays/history-and-the-web-from-the-illustrated-newspaper-to-cyberspace-visual-technologies-and-interaction-in-the-nineteenth-and-twenty-first-centuries/,https://web.archive.org/web/20220629185430/http://chnm.gmu.edu/lostmuseum/searchlm.php,working
"History and the Web, From the Illustrated Newspaper to Cyberspace: Visual Technologies and Interaction in the Nineteenth and Twenty-First Centuries",https://rrchnm.org/essays/history-and-the-web-from-the-illustrated-newspaper-to-cyberspace-visual-technologies-and-interaction-in-the-nineteenth-and-twenty-first-centuries/,https://web.archive.org/web/20220629185430/http://chnm.gmu.edu/lostmuseum/belle/,working
"History and the Web, From the Illustrated Newspaper to Cyberspace: Visual Technologies and Interaction in the Nineteenth and Twenty-First Centuries",https://rrchnm.org/essays/history-and-the-web-from-the-illustrated-newspaper-to-cyberspace-visual-technologies-and-interaction-in-the-nineteenth-and-twenty-first-centuries/,https://web.archive.org/web/20220629185430/http://chnm.gmu.edu/lostmuseum/lm/79/,working
"History and the Web, From the Illustrated Newspaper to Cyberspace: Visual Technologies and Interaction in the Nineteenth and Twenty-First Centuries",https://rrchnm.org/essays/history-and-the-web-from-the-illustrated-newspaper-to-cyberspace-visual-technologies-and-interaction-in-the-nineteenth-and-twenty-first-centuries/,https://web.archive.org/web/20220629185430/http://chnm.gmu.edu/images/brown_fig15.jpg,working
"History and the Web, From the Illustrated Newspaper to Cyberspace: Visual Technologies and Interaction in the Nineteenth and Twenty-First Centuries",https://rrchnm.org/essays/history-and-the-web-from-the-illustrated-newspaper-to-cyberspace-visual-technologies-and-interaction-in-the-nineteenth-and-twenty-first-centuries/,https://web.archive.org/web/20220629185430/http://chnm.gmu.edu/images/brown_fig16.jpg,working
"History and the Web, From the Illustrated Newspaper to Cyberspace: Visual Technologies and Interaction in the Nineteenth and Twenty-First Centuries",https://rrchnm.org/essays/history-and-the-web-from-the-illustrated-newspaper-to-cyberspace-visual-technologies-and-interaction-in-the-nineteenth-and-twenty-first-centuries/,https://web.archive.org/web/20220629185430/https://rrchnm.org/essay/history-and-the-web-from-the-illustrated-newspaper-to-cyberspace-visual-technologies-and-interaction-in-the-nineteenth-and-twenty-first-centuries/#ref1,working
"History and the Web, From the Illustrated Newspaper to Cyberspace: Visual Technologies and Interaction in the Nineteenth and Twenty-First Centuries",https://rrchnm.org/essays/history-and-the-web-from-the-illustrated-newspaper-to-cyberspace-visual-technologies-and-interaction-in-the-nineteenth-and-twenty-first-centuries/,https://web.archive.org/web/20220629185430/http://www.tandf.co.uk/journals/titles/13642529.asp,working
"History and the Web, From the Illustrated Newspaper to Cyberspace: Visual Technologies and Interaction in the Nineteenth and Twenty-First Centuries",https://rrchnm.org/essays/history-and-the-web-from-the-illustrated-newspaper-to-cyberspace-visual-technologies-and-interaction-in-the-nineteenth-and-twenty-first-centuries/,https://web.archive.org/web/20220629185430/https://rrchnm.org/essay/history-and-the-web-from-the-illustrated-newspaper-to-cyberspace-visual-technologies-and-interaction-in-the-nineteenth-and-twenty-first-centuries/#ref2,working
"History and the Web, From the Illustrated Newspaper to Cyberspace: Visual Technologies and Interaction in the Nineteenth and Twenty-First Centuries",https://rrchnm.org/essays/history-and-the-web-from-the-illustrated-newspaper-to-cyberspace-visual-technologies-and-interaction-in-the-nineteenth-and-twenty-first-centuries/,https://web.archive.org/web/20220629185430/http://chnm.gmu.edu/revolution/,working
"History and the Web, From the Illustrated Newspaper to Cyberspace: Visual Technologies and Interaction in the Nineteenth and Twenty-First Centuries",https://rrchnm.org/essays/history-and-the-web-from-the-illustrated-newspaper-to-cyberspace-visual-technologies-and-interaction-in-the-nineteenth-and-twenty-first-centuries/,https://web.archive.org/web/20220629185430/http://historymatters.gmu.edu/,working
"History and the Web, From the Illustrated Newspaper to Cyberspace: Visual Technologies and Interaction in the Nineteenth and Twenty-First Centuries",https://rrchnm.org/essays/history-and-the-web-from-the-illustrated-newspaper-to-cyberspace-visual-technologies-and-interaction-in-the-nineteenth-and-twenty-first-centuries/,https://web.archive.org/web/20220629185430/https://rrchnm.org/essay/history-and-the-web-from-the-illustrated-newspaper-to-cyberspace-visual-technologies-and-interaction-in-the-nineteenth-and-twenty-first-centuries/#ref3,working
"History and the Web, From the Illustrated Newspaper to Cyberspace: Visual Technologies and Interaction in the Nineteenth and Twenty-First Centuries",https://rrchnm.org/essays/history-and-the-web-from-the-illustrated-newspaper-to-cyberspace-visual-technologies-and-interaction-in-the-nineteenth-and-twenty-first-centuries/,https://web.archive.org/web/20220629185430/https://rrchnm.org/essay/history-and-the-web-from-the-illustrated-newspaper-to-cyberspace-visual-technologies-and-interaction-in-the-nineteenth-and-twenty-first-centuries/#ref4,working
"History and the Web, From the Illustrated Newspaper to Cyberspace: Visual Technologies and Interaction in the Nineteenth and Twenty-First Centuries",https://rrchnm.org/essays/history-and-the-web-from-the-illustrated-newspaper-to-cyberspace-visual-technologies-and-interaction-in-the-nineteenth-and-twenty-first-centuries/,https://web.archive.org/web/20220629185430/https://rrchnm.org/essay/history-and-the-web-from-the-illustrated-newspaper-to-cyberspace-visual-technologies-and-interaction-in-the-nineteenth-and-twenty-first-centuries/#ref5,working
"History and the Web, From the Illustrated Newspaper to Cyberspace: Visual Technologies and Interaction in the Nineteenth and Twenty-First Centuries",https://rrchnm.org/essays/history-and-the-web-from-the-illustrated-newspaper-to-cyberspace-visual-technologies-and-interaction-in-the-nineteenth-and-twenty-first-centuries/,https://web.archive.org/web/20220629185430/https://rrchnm.org/essay/history-and-the-web-from-the-illustrated-newspaper-to-cyberspace-visual-technologies-and-interaction-in-the-nineteenth-and-twenty-first-centuries/#ref6,working
"History and the Web, From the Illustrated Newspaper to Cyberspace: Visual Technologies and Interaction in the Nineteenth and Twenty-First Centuries",https://rrchnm.org/essays/history-and-the-web-from-the-illustrated-newspaper-to-cyberspace-visual-technologies-and-interaction-in-the-nineteenth-and-twenty-first-centuries/,https://web.archive.org/web/20220629185430/https://rrchnm.org/essay/history-and-the-web-from-the-illustrated-newspaper-to-cyberspace-visual-technologies-and-interaction-in-the-nineteenth-and-twenty-first-centuries/#ref7,working
"History and the Web, From the Illustrated Newspaper to Cyberspace: Visual Technologies and Interaction in the Nineteenth and Twenty-First Centuries",https://rrchnm.org/essays/history-and-the-web-from-the-illustrated-newspaper-to-cyberspace-visual-technologies-and-interaction-in-the-nineteenth-and-twenty-first-centuries/,https://web.archive.org/web/20220629185430/https://rrchnm.org/essay/history-and-the-web-from-the-illustrated-newspaper-to-cyberspace-visual-technologies-and-interaction-in-the-nineteenth-and-twenty-first-centuries/#ref8,working
"Using Technology, Making History: A Collaborative Experiment in Interdisciplinary Teaching and Scholarship",https://rrchnm.org/essays/using-technology-making-history-a-collaborative-experiment-in-interdisciplinary-teaching-and-scholarship/,https://web.archive.org/web/20220629184050/https://rrchnm.org/essay/using-technology-making-history-a-collaborative-experiment-in-interdisciplinary-eaching-and-scholarship/#N_1_,working
"Using Technology, Making History: A Collaborative Experiment in Interdisciplinary Teaching and Scholarship",https://rrchnm.org/essays/using-technology-making-history-a-collaborative-experiment-in-interdisciplinary-teaching-and-scholarship/,https://web.archive.org/web/20220629184050/http://www.chicagohistory.org/fire,status code: 404
"Using Technology, Making History: A Collaborative Experiment in Interdisciplinary Teaching and Scholarship",https://rrchnm.org/essays/using-technology-making-history-a-collaborative-experiment-in-interdisciplinary-teaching-and-scholarship/,https://web.archive.org/web/20220629184050/http://www.chicagohistory.org/dramas,status code: 404
"Using Technology, Making History: A Collaborative Experiment in Interdisciplinary Teaching and Scholarship",https://rrchnm.org/essays/using-technology-making-history-a-collaborative-experiment-in-interdisciplinary-teaching-and-scholarship/,https://web.archive.org/web/20220629184050/http://chnm.gmu.edu/assets/historyessays/serioushistory.html,working
"Using Technology, Making History: A Collaborative Experiment in Interdisciplinary Teaching and Scholarship",https://rrchnm.org/essays/using-technology-making-history-a-collaborative-experiment-in-interdisciplinary-teaching-and-scholarship/,https://web.archive.org/web/20220629184050/http://chnm.gmu.edu/images/fig1_planchicago.jpg,working
"Using Technology, Making History: A Collaborative Experiment in Interdisciplinary Teaching and Scholarship",https://rrchnm.org/essays/using-technology-making-history-a-collaborative-experiment-in-interdisciplinary-teaching-and-scholarship/,https://web.archive.org/web/20220629184050/http://chnm.gmu.edu/images/fig2_guerin.jpg,working
"Using Technology, Making History: A Collaborative Experiment in Interdisciplinary Teaching and Scholarship",https://rrchnm.org/essays/using-technology-making-history-a-collaborative-experiment-in-interdisciplinary-teaching-and-scholarship/,https://web.archive.org/web/20220629184050/http://www.chicagometropolis2020.org/index.htm,status code: 404
"Using Technology, Making History: A Collaborative Experiment in Interdisciplinary Teaching and Scholarship",https://rrchnm.org/essays/using-technology-making-history-a-collaborative-experiment-in-interdisciplinary-teaching-and-scholarship/,https://web.archive.org/web/20220629184050/http://wiki.org/wiki.cgi?WhatIsWiki,working
"Using Technology, Making History: A Collaborative Experiment in Interdisciplinary Teaching and Scholarship",https://rrchnm.org/essays/using-technology-making-history-a-collaborative-experiment-in-interdisciplinary-teaching-and-scholarship/,https://web.archive.org/web/20220629184050/http://chnm.gmu.edu/fig3_sampledoc.jpg,status code: 404
"Using Technology, Making History: A Collaborative Experiment in Interdisciplinary Teaching and Scholarship",https://rrchnm.org/essays/using-technology-making-history-a-collaborative-experiment-in-interdisciplinary-teaching-and-scholarship/,https://web.archive.org/web/20220629184050/http://www.skyscraper.org/timeformations/intro.html,working
"Using Technology, Making History: A Collaborative Experiment in Interdisciplinary Teaching and Scholarship",https://rrchnm.org/essays/using-technology-making-history-a-collaborative-experiment-in-interdisciplinary-teaching-and-scholarship/,https://web.archive.org/web/20220629184050/http://www.theyrule.net/,working
"Using Technology, Making History: A Collaborative Experiment in Interdisciplinary Teaching and Scholarship",https://rrchnm.org/essays/using-technology-making-history-a-collaborative-experiment-in-interdisciplinary-teaching-and-scholarship/,https://web.archive.org/web/20220629184050/http://philip.greenspun.com/panda/suck,working
"Using Technology, Making History: A Collaborative Experiment in Interdisciplinary Teaching and Scholarship",https://rrchnm.org/essays/using-technology-making-history-a-collaborative-experiment-in-interdisciplinary-teaching-and-scholarship/,http://www.tandf.co.uk/journals/titles/13642529.asp,status code: 403
Scarcity or Abundance? Preserving the Past in a Digital Era,https://rrchnm.org/essays/scarcity-or-abundance-preserving-the-past-in-a-digital-era/,https://web.archive.org/web/20220703122450/https://rrchnm.org/essay/scarcity-or-abundance-preserving-the-past-in-a-digital-era/#N_1_,working
Scarcity or Abundance? Preserving the Past in a Digital Era,https://rrchnm.org/essays/scarcity-or-abundance-preserving-the-past-in-a-digital-era/,https://web.archive.org/web/20220703122450/https://rrchnm.org/essay/scarcity-or-abundance-preserving-the-past-in-a-digital-era/#N_2_,working
Scarcity or Abundance? Preserving the Past in a Digital Era,https://rrchnm.org/essays/scarcity-or-abundance-preserving-the-past-in-a-digital-era/,https://web.archive.org/web/20220703122450/https://rrchnm.org/essay/scarcity-or-abundance-preserving-the-past-in-a-digital-era/#N_3_,working
Scarcity or Abundance? Preserving the Past in a Digital Era,https://rrchnm.org/essays/scarcity-or-abundance-preserving-the-past-in-a-digital-era/,https://web.archive.org/web/20220703122450/https://rrchnm.org/essay/scarcity-or-abundance-preserving-the-past-in-a-digital-era/#N_4_,working
Scarcity or Abundance? Preserving the Past in a Digital Era,https://rrchnm.org/essays/scarcity-or-abundance-preserving-the-past-in-a-digital-era/,https://web.archive.org/web/20220703122450/https://rrchnm.org/essay/scarcity-or-abundance-preserving-the-past-in-a-digital-era/#N_5_,working
Scarcity or Abundance? Preserving the Past in a Digital Era,https://rrchnm.org/essays/scarcity-or-abundance-preserving-the-past-in-a-digital-era/,https://web.archive.org/web/20220703122450/https://rrchnm.org/essay/scarcity-or-abundance-preserving-the-past-in-a-digital-era/#N_6_,working
Scarcity or Abundance? Preserving the Past in a Digital Era,https://rrchnm.org/essays/scarcity-or-abundance-preserving-the-past-in-a-digital-era/,https://web.archive.org/web/20220703122450/https://rrchnm.org/essay/scarcity-or-abundance-preserving-the-past-in-a-digital-era/#N_7_,working
Scarcity or Abundance? Preserving the Past in a Digital Era,https://rrchnm.org/essays/scarcity-or-abundance-preserving-the-past-in-a-digital-era/,https://web.archive.org/web/20220703122450/https://rrchnm.org/essay/scarcity-or-abundance-preserving-the-past-in-a-digital-era/#N_8_,working
Scarcity or Abundance? Preserving the Past in a Digital Era,https://rrchnm.org/essays/scarcity-or-abundance-preserving-the-past-in-a-digital-era/,https://web.archive.org/web/20220703122450/https://rrchnm.org/essay/scarcity-or-abundance-preserving-the-past-in-a-digital-era/#N_9_,working
Scarcity or Abundance? Preserving the Past in a Digital Era,https://rrchnm.org/essays/scarcity-or-abundance-preserving-the-past-in-a-digital-era/,https://web.archive.org/web/20220703122450/https://rrchnm.org/essay/scarcity-or-abundance-preserving-the-past-in-a-digital-era/#N_10_,working
Scarcity or Abundance? Preserving the Past in a Digital Era,https://rrchnm.org/essays/scarcity-or-abundance-preserving-the-past-in-a-digital-era/,https://web.archive.org/web/20220703122450/https://rrchnm.org/essay/scarcity-or-abundance-preserving-the-past-in-a-digital-era/#N_11_,working
Scarcity or Abundance? Preserving the Past in a Digital Era,https://rrchnm.org/essays/scarcity-or-abundance-preserving-the-past-in-a-digital-era/,https://web.archive.org/web/20220703122450/https://rrchnm.org/essay/scarcity-or-abundance-preserving-the-past-in-a-digital-era/#N_12_,working
Scarcity or Abundance? Preserving the Past in a Digital Era,https://rrchnm.org/essays/scarcity-or-abundance-preserving-the-past-in-a-digital-era/,https://web.archive.org/web/20220703122450/https://rrchnm.org/essay/scarcity-or-abundance-preserving-the-past-in-a-digital-era/#N_13_,working
Scarcity or Abundance? Preserving the Past in a Digital Era,https://rrchnm.org/essays/scarcity-or-abundance-preserving-the-past-in-a-digital-era/,https://web.archive.org/web/20220703122450/https://rrchnm.org/essay/scarcity-or-abundance-preserving-the-past-in-a-digital-era/#N_14_,working
Scarcity or Abundance? Preserving the Past in a Digital Era,https://rrchnm.org/essays/scarcity-or-abundance-preserving-the-past-in-a-digital-era/,https://web.archive.org/web/20220703122450/https://rrchnm.org/essay/scarcity-or-abundance-preserving-the-past-in-a-digital-era/#N_15_,working
Scarcity or Abundance? Preserving the Past in a Digital Era,https://rrchnm.org/essays/scarcity-or-abundance-preserving-the-past-in-a-digital-era/,https://web.archive.org/web/20220703122450/https://rrchnm.org/essay/scarcity-or-abundance-preserving-the-past-in-a-digital-era/#N_16_,working
Scarcity or Abundance? Preserving the Past in a Digital Era,https://rrchnm.org/essays/scarcity-or-abundance-preserving-the-past-in-a-digital-era/,https://web.archive.org/web/20220703122450/https://rrchnm.org/essay/scarcity-or-abundance-preserving-the-past-in-a-digital-era/#N_17_,working
Scarcity or Abundance? Preserving the Past in a Digital Era,https://rrchnm.org/essays/scarcity-or-abundance-preserving-the-past-in-a-digital-era/,https://web.archive.org/web/20220703122450/https://rrchnm.org/essay/scarcity-or-abundance-preserving-the-past-in-a-digital-era/#N_18_,working
Scarcity or Abundance? Preserving the Past in a Digital Era,https://rrchnm.org/essays/scarcity-or-abundance-preserving-the-past-in-a-digital-era/,https://web.archive.org/web/20220703122450/https://rrchnm.org/essay/scarcity-or-abundance-preserving-the-past-in-a-digital-era/#N_19_,working
Scarcity or Abundance? Preserving the Past in a Digital Era,https://rrchnm.org/essays/scarcity-or-abundance-preserving-the-past-in-a-digital-era/,https://web.archive.org/web/20220703122450/https://rrchnm.org/essay/scarcity-or-abundance-preserving-the-past-in-a-digital-era/#N_20_,working
Scarcity or Abundance? Preserving the Past in a Digital Era,https://rrchnm.org/essays/scarcity-or-abundance-preserving-the-past-in-a-digital-era/,https://web.archive.org/web/20220703122450/https://rrchnm.org/essay/scarcity-or-abundance-preserving-the-past-in-a-digital-era/#N_21_,working
Scarcity or Abundance? Preserving the Past in a Digital Era,https://rrchnm.org/essays/scarcity-or-abundance-preserving-the-past-in-a-digital-era/,https://web.archive.org/web/20220703122450/https://rrchnm.org/essay/scarcity-or-abundance-preserving-the-past-in-a-digital-era/#N_22_,working
Scarcity or Abundance? Preserving the Past in a Digital Era,https://rrchnm.org/essays/scarcity-or-abundance-preserving-the-past-in-a-digital-era/,https://web.archive.org/web/20220703122450/https://rrchnm.org/essay/scarcity-or-abundance-preserving-the-past-in-a-digital-era/#N_23_,working
Scarcity or Abundance? Preserving the Past in a Digital Era,https://rrchnm.org/essays/scarcity-or-abundance-preserving-the-past-in-a-digital-era/,https://web.archive.org/web/20220703122450/https://rrchnm.org/essay/scarcity-or-abundance-preserving-the-past-in-a-digital-era/#N_24_,working
Scarcity or Abundance? Preserving the Past in a Digital Era,https://rrchnm.org/essays/scarcity-or-abundance-preserving-the-past-in-a-digital-era/,https://web.archive.org/web/20220703122450/https://rrchnm.org/essay/scarcity-or-abundance-preserving-the-past-in-a-digital-era/#N_25_,working
Scarcity or Abundance? Preserving the Past in a Digital Era,https://rrchnm.org/essays/scarcity-or-abundance-preserving-the-past-in-a-digital-era/,https://web.archive.org/web/20220703122450/https://rrchnm.org/essay/scarcity-or-abundance-preserving-the-past-in-a-digital-era/#N_26_,working
Scarcity or Abundance? Preserving the Past in a Digital Era,https://rrchnm.org/essays/scarcity-or-abundance-preserving-the-past-in-a-digital-era/,https://web.archive.org/web/20220703122450/https://rrchnm.org/essay/scarcity-or-abundance-preserving-the-past-in-a-digital-era/#N_27_,working
Scarcity or Abundance? Preserving the Past in a Digital Era,https://rrchnm.org/essays/scarcity-or-abundance-preserving-the-past-in-a-digital-era/,https://web.archive.org/web/20220703122450/https://rrchnm.org/essay/scarcity-or-abundance-preserving-the-past-in-a-digital-era/#N_28_,working
Scarcity or Abundance? Preserving the Past in a Digital Era,https://rrchnm.org/essays/scarcity-or-abundance-preserving-the-past-in-a-digital-era/,https://web.archive.org/web/20220703122450/https://rrchnm.org/essay/scarcity-or-abundance-preserving-the-past-in-a-digital-era/#N_29_,working
Scarcity or Abundance? Preserving the Past in a Digital Era,https://rrchnm.org/essays/scarcity-or-abundance-preserving-the-past-in-a-digital-era/,https://web.archive.org/web/20220703122450/https://rrchnm.org/essay/scarcity-or-abundance-preserving-the-past-in-a-digital-era/#N_30_,working
Scarcity or Abundance? Preserving the Past in a Digital Era,https://rrchnm.org/essays/scarcity-or-abundance-preserving-the-past-in-a-digital-era/,https://web.archive.org/web/20220703122450/https://rrchnm.org/essay/scarcity-or-abundance-preserving-the-past-in-a-digital-era/#N_31_,working
Scarcity or Abundance? Preserving the Past in a Digital Era,https://rrchnm.org/essays/scarcity-or-abundance-preserving-the-past-in-a-digital-era/,https://web.archive.org/web/20220703122450/https://rrchnm.org/essay/scarcity-or-abundance-preserving-the-past-in-a-digital-era/#N_32_,working
Scarcity or Abundance? Preserving the Past in a Digital Era,https://rrchnm.org/essays/scarcity-or-abundance-preserving-the-past-in-a-digital-era/,https://web.archive.org/web/20220703122450/https://rrchnm.org/essay/scarcity-or-abundance-preserving-the-past-in-a-digital-era/#N_33_,working
Scarcity or Abundance? Preserving the Past in a Digital Era,https://rrchnm.org/essays/scarcity-or-abundance-preserving-the-past-in-a-digital-era/,https://web.archive.org/web/20220703122450/https://rrchnm.org/essay/scarcity-or-abundance-preserving-the-past-in-a-digital-era/#N_34_,working
Scarcity or Abundance? Preserving the Past in a Digital Era,https://rrchnm.org/essays/scarcity-or-abundance-preserving-the-past-in-a-digital-era/,https://web.archive.org/web/20220703122450/https://rrchnm.org/essay/scarcity-or-abundance-preserving-the-past-in-a-digital-era/#N_35_,working
Scarcity or Abundance? Preserving the Past in a Digital Era,https://rrchnm.org/essays/scarcity-or-abundance-preserving-the-past-in-a-digital-era/,https://web.archive.org/web/20220703122450/https://rrchnm.org/essay/scarcity-or-abundance-preserving-the-past-in-a-digital-era/#N_36_,working
Scarcity or Abundance? Preserving the Past in a Digital Era,https://rrchnm.org/essays/scarcity-or-abundance-preserving-the-past-in-a-digital-era/,https://web.archive.org/web/20220703122450/https://rrchnm.org/essay/scarcity-or-abundance-preserving-the-past-in-a-digital-era/#N_37_,working
Scarcity or Abundance? Preserving the Past in a Digital Era,https://rrchnm.org/essays/scarcity-or-abundance-preserving-the-past-in-a-digital-era/,https://web.archive.org/web/20220703122450/https://rrchnm.org/essay/scarcity-or-abundance-preserving-the-past-in-a-digital-era/#N_38_,working
Scarcity or Abundance? Preserving the Past in a Digital Era,https://rrchnm.org/essays/scarcity-or-abundance-preserving-the-past-in-a-digital-era/,https://web.archive.org/web/20220703122450/https://rrchnm.org/essay/scarcity-or-abundance-preserving-the-past-in-a-digital-era/#N_39_,working
Scarcity or Abundance? Preserving the Past in a Digital Era,https://rrchnm.org/essays/scarcity-or-abundance-preserving-the-past-in-a-digital-era/,https://web.archive.org/web/20220703122450/https://rrchnm.org/essay/scarcity-or-abundance-preserving-the-past-in-a-digital-era/#N_40_,working
Scarcity or Abundance? Preserving the Past in a Digital Era,https://rrchnm.org/essays/scarcity-or-abundance-preserving-the-past-in-a-digital-era/,https://web.archive.org/web/20220703122450/https://rrchnm.org/essay/scarcity-or-abundance-preserving-the-past-in-a-digital-era/#N_41_,working
Scarcity or Abundance? Preserving the Past in a Digital Era,https://rrchnm.org/essays/scarcity-or-abundance-preserving-the-past-in-a-digital-era/,https://web.archive.org/web/20220703122450/https://rrchnm.org/essay/scarcity-or-abundance-preserving-the-past-in-a-digital-era/#N_42_,working
Scarcity or Abundance? Preserving the Past in a Digital Era,https://rrchnm.org/essays/scarcity-or-abundance-preserving-the-past-in-a-digital-era/,https://web.archive.org/web/20220703122450/https://rrchnm.org/essay/scarcity-or-abundance-preserving-the-past-in-a-digital-era/#N_43_,working
Scarcity or Abundance? Preserving the Past in a Digital Era,https://rrchnm.org/essays/scarcity-or-abundance-preserving-the-past-in-a-digital-era/,https://web.archive.org/web/20220703122450/https://rrchnm.org/essay/scarcity-or-abundance-preserving-the-past-in-a-digital-era/#N_44_,working
Scarcity or Abundance? Preserving the Past in a Digital Era,https://rrchnm.org/essays/scarcity-or-abundance-preserving-the-past-in-a-digital-era/,https://web.archive.org/web/20220703122450/https://rrchnm.org/essay/scarcity-or-abundance-preserving-the-past-in-a-digital-era/#N_45_,working
Scarcity or Abundance? Preserving the Past in a Digital Era,https://rrchnm.org/essays/scarcity-or-abundance-preserving-the-past-in-a-digital-era/,https://web.archive.org/web/20220703122450/https://rrchnm.org/essay/scarcity-or-abundance-preserving-the-past-in-a-digital-era/#N_46_,working
Scarcity or Abundance? Preserving the Past in a Digital Era,https://rrchnm.org/essays/scarcity-or-abundance-preserving-the-past-in-a-digital-era/,https://web.archive.org/web/20220703122450/https://rrchnm.org/essay/scarcity-or-abundance-preserving-the-past-in-a-digital-era/#N_47_,working
Scarcity or Abundance? Preserving the Past in a Digital Era,https://rrchnm.org/essays/scarcity-or-abundance-preserving-the-past-in-a-digital-era/,https://web.archive.org/web/20220703122450/https://rrchnm.org/essay/scarcity-or-abundance-preserving-the-past-in-a-digital-era/#N_48_,working
Scarcity or Abundance? Preserving the Past in a Digital Era,https://rrchnm.org/essays/scarcity-or-abundance-preserving-the-past-in-a-digital-era/,https://web.archive.org/web/20220703122450/https://rrchnm.org/essay/scarcity-or-abundance-preserving-the-past-in-a-digital-era/#N_49_,working
Scarcity or Abundance? Preserving the Past in a Digital Era,https://rrchnm.org/essays/scarcity-or-abundance-preserving-the-past-in-a-digital-era/,https://web.archive.org/web/20220703122450/https://rrchnm.org/essay/scarcity-or-abundance-preserving-the-past-in-a-digital-era/#N_50_,working
Scarcity or Abundance? Preserving the Past in a Digital Era,https://rrchnm.org/essays/scarcity-or-abundance-preserving-the-past-in-a-digital-era/,https://web.archive.org/web/20220703122450/https://rrchnm.org/essay/scarcity-or-abundance-preserving-the-past-in-a-digital-era/#N_51_,working
Scarcity or Abundance? Preserving the Past in a Digital Era,https://rrchnm.org/essays/scarcity-or-abundance-preserving-the-past-in-a-digital-era/,https://web.archive.org/web/20220703122450/https://rrchnm.org/essay/scarcity-or-abundance-preserving-the-past-in-a-digital-era/#N_52_,working
Scarcity or Abundance? Preserving the Past in a Digital Era,https://rrchnm.org/essays/scarcity-or-abundance-preserving-the-past-in-a-digital-era/,https://web.archive.org/web/20220703122450/https://rrchnm.org/essay/scarcity-or-abundance-preserving-the-past-in-a-digital-era/#N_53_,working
Scarcity or Abundance? Preserving the Past in a Digital Era,https://rrchnm.org/essays/scarcity-or-abundance-preserving-the-past-in-a-digital-era/,https://web.archive.org/web/20220703122450/https://rrchnm.org/essay/scarcity-or-abundance-preserving-the-past-in-a-digital-era/#N_54_,working
Scarcity or Abundance? Preserving the Past in a Digital Era,https://rrchnm.org/essays/scarcity-or-abundance-preserving-the-past-in-a-digital-era/,https://web.archive.org/web/20220703122450/https://rrchnm.org/essay/scarcity-or-abundance-preserving-the-past-in-a-digital-era/#N_55_,working
Scarcity or Abundance? Preserving the Past in a Digital Era,https://rrchnm.org/essays/scarcity-or-abundance-preserving-the-past-in-a-digital-era/,https://web.archive.org/web/20220703122450/https://rrchnm.org/essay/scarcity-or-abundance-preserving-the-past-in-a-digital-era/#N_56_,working
Scarcity or Abundance? Preserving the Past in a Digital Era,https://rrchnm.org/essays/scarcity-or-abundance-preserving-the-past-in-a-digital-era/,https://web.archive.org/web/20220703122450/https://rrchnm.org/essay/scarcity-or-abundance-preserving-the-past-in-a-digital-era/#N_57_,working
Scarcity or Abundance? Preserving the Past in a Digital Era,https://rrchnm.org/essays/scarcity-or-abundance-preserving-the-past-in-a-digital-era/,https://web.archive.org/web/20220703122450/https://rrchnm.org/essay/scarcity-or-abundance-preserving-the-past-in-a-digital-era/#N_58_,working
Scarcity or Abundance? Preserving the Past in a Digital Era,https://rrchnm.org/essays/scarcity-or-abundance-preserving-the-past-in-a-digital-era/,https://web.archive.org/web/20220703122450/https://rrchnm.org/essay/scarcity-or-abundance-preserving-the-past-in-a-digital-era/#N_59_,working
Scarcity or Abundance? Preserving the Past in a Digital Era,https://rrchnm.org/essays/scarcity-or-abundance-preserving-the-past-in-a-digital-era/,https://web.archive.org/web/20220703122450/https://rrchnm.org/essay/scarcity-or-abundance-preserving-the-past-in-a-digital-era/#N_60_,working
Scarcity or Abundance? Preserving the Past in a Digital Era,https://rrchnm.org/essays/scarcity-or-abundance-preserving-the-past-in-a-digital-era/,https://web.archive.org/web/20220703122450/https://rrchnm.org/essay/scarcity-or-abundance-preserving-the-past-in-a-digital-era/#N_61_,working
Scarcity or Abundance? Preserving the Past in a Digital Era,https://rrchnm.org/essays/scarcity-or-abundance-preserving-the-past-in-a-digital-era/,https://web.archive.org/web/20220703122450/https://rrchnm.org/essay/scarcity-or-abundance-preserving-the-past-in-a-digital-era/#N_62_,working
Scarcity or Abundance? Preserving the Past in a Digital Era,https://rrchnm.org/essays/scarcity-or-abundance-preserving-the-past-in-a-digital-era/,https://web.archive.org/web/20220703122450/https://rrchnm.org/essay/scarcity-or-abundance-preserving-the-past-in-a-digital-era/#N_63_,working
Scarcity or Abundance? Preserving the Past in a Digital Era,https://rrchnm.org/essays/scarcity-or-abundance-preserving-the-past-in-a-digital-era/,https://web.archive.org/web/20220703122450/https://rrchnm.org/essay/scarcity-or-abundance-preserving-the-past-in-a-digital-era/#N_64_,working
Scarcity or Abundance? Preserving the Past in a Digital Era,https://rrchnm.org/essays/scarcity-or-abundance-preserving-the-past-in-a-digital-era/,https://web.archive.org/web/20220703122450/https://rrchnm.org/essay/scarcity-or-abundance-preserving-the-past-in-a-digital-era/#N_65_,working
Scarcity or Abundance? Preserving the Past in a Digital Era,https://rrchnm.org/essays/scarcity-or-abundance-preserving-the-past-in-a-digital-era/,https://web.archive.org/web/20220703122450/https://rrchnm.org/essay/scarcity-or-abundance-preserving-the-past-in-a-digital-era/#N_66_,working
Scarcity or Abundance? Preserving the Past in a Digital Era,https://rrchnm.org/essays/scarcity-or-abundance-preserving-the-past-in-a-digital-era/,https://web.archive.org/web/20220703122450/https://rrchnm.org/essay/scarcity-or-abundance-preserving-the-past-in-a-digital-era/#N_67_,working
Scarcity or Abundance? Preserving the Past in a Digital Era,https://rrchnm.org/essays/scarcity-or-abundance-preserving-the-past-in-a-digital-era/,http://chnm.gmu.edu/,working
Scarcity or Abundance? Preserving the Past in a Digital Era,https://rrchnm.org/essays/scarcity-or-abundance-preserving-the-past-in-a-digital-era/,http://www.%20philweavers.net/profiles/dinoginacio.html,"error: HTTPConnectionPool(host='www.%20philweavers.net', port=80): Max retries exceeded with url: /profiles/dinoginacio.html (Caused by NameResolutionError(""<urllib3.connection.HTTPConnection object at 0x0000026D6C520B90>: Failed to resolve 'www.%20philweavers.net' ([Errno 11001] getaddrinfo failed)""))"
Scarcity or Abundance? Preserving the Past in a Digital Era,https://rrchnm.org/essays/scarcity-or-abundance-preserving-the-past-in-a-digital-era/,http://www.abcnews.go.com/sections/us/WolfFiles/wolffiles190.html,status code: 404
Scarcity or Abundance? Preserving the Past in a Digital Era,https://rrchnm.org/essays/scarcity-or-abundance-preserving-the-past-in-a-digital-era/,http://plaza.powersurfr.com/%20bert/,working
Scarcity or Abundance? Preserving the Past in a Digital Era,https://rrchnm.org/essays/scarcity-or-abundance-preserving-the-past-in-a-digital-era/,http://www.snopes2.com/,working
Scarcity or Abundance? Preserving the Past in a Digital Era,https://rrchnm.org/essays/scarcity-or-abundance-preserving-the-past-in-a-digital-era/,http://www.pinktink3.%20250x.com/hmm/bert.htm,"error: HTTPConnectionPool(host='www.pinktink3.%20250x.com', port=80): Max retries exceeded with url: /hmm/bert.htm (Caused by NameResolutionError(""<urllib3.connection.HTTPConnection object at 0x0000026D6C4F33D0>: Failed to resolve 'www.pinktink3.%20250x.com' ([Errno 11001] getaddrinfo failed)""))"
Scarcity or Abundance? Preserving the Past in a Digital Era,https://rrchnm.org/essays/scarcity-or-abundance-preserving-the-past-in-a-digital-era/,"http://www.%20eonline.com/News/Items/0,1,8950,00.html","error: HTTPConnectionPool(host='www.%20eonline.com', port=80): Max retries exceeded with url: /News/Items/0,1,8950,00.html (Caused by NameResolutionError(""<urllib3.connection.HTTPConnection object at 0x0000026D6E0BEC90>: Failed to resolve 'www.%20eonline.com' ([Errno 11001] getaddrinfo failed)""))"
Scarcity or Abundance? Preserving the Past in a Digital Era,https://rrchnm.org/essays/scarcity-or-abundance-preserving-the-past-in-a-digital-era/,http://www.fractalcow.com%20/bert/bert.htm,"error: HTTPConnectionPool(host='www.fractalcow.com%20', port=80): Max retries exceeded with url: /bert/bert.htm (Caused by NameResolutionError(""<urllib3.connection.HTTPConnection object at 0x0000026D6C5297D0>: Failed to resolve 'www.fractalcow.com%20' ([Errno 11001] getaddrinfo failed)""))"
Scarcity or Abundance? Preserving the Past in a Digital Era,https://rrchnm.org/essays/scarcity-or-abundance-preserving-the-past-in-a-digital-era/,"http://www.%20foxnews.com/story/0,2933,36218,00.html","error: HTTPConnectionPool(host='www.%20foxnews.com', port=80): Max retries exceeded with url: /story/0,2933,36218,00.html (Caused by NameResolutionError(""<urllib3.connection.HTTPConnection object at 0x0000026D6C528CD0>: Failed to resolve 'www.%20foxnews.com' ([Errno 11001] getaddrinfo failed)""))"
Scarcity or Abundance? Preserving the Past in a Digital Era,https://rrchnm.org/essays/scarcity-or-abundance-preserving-the-past-in-a-digital-era/,"http://www.%20foxnews.com/story/0,2933,36218,00.html","error: HTTPConnectionPool(host='www.%20foxnews.com', port=80): Max retries exceeded with url: /story/0,2933,36218,00.html (Caused by NameResolutionError(""<urllib3.connection.HTTPConnection object at 0x0000026D6E0BD6D0>: Failed to resolve 'www.%20foxnews.com' ([Errno 11001] getaddrinfo failed)""))"
Scarcity or Abundance? Preserving the Past in a Digital Era,https://rrchnm.org/essays/scarcity-or-abundance-preserving-the-past-in-a-digital-era/,http://%20www.lindqvist.com/art.php?incl=bert.php?lang=eng,"error: HTTPConnectionPool(host='%20www.lindqvist.com', port=80): Max retries exceeded with url: /art.php?incl=bert.php?lang=eng (Caused by NameResolutionError(""<urllib3.connection.HTTPConnection object at 0x0000026D6A33CA10>: Failed to resolve '%20www.lindqvist.com' ([Errno 11001] getaddrinfo failed)""))"
Scarcity or Abundance? Preserving the Past in a Digital Era,https://rrchnm.org/essays/scarcity-or-abundance-preserving-the-past-in-a-digital-era/,"http://www.%20wired.com/news/print/0,1294,42725,00.html","error: HTTPConnectionPool(host='www.%20wired.com', port=80): Max retries exceeded with url: /news/print/0,1294,42725,00.html (Caused by NameResolutionError(""<urllib3.connection.HTTPConnection object at 0x0000026D6C4F00D0>: Failed to resolve 'www.%20wired.com' ([Errno 11001] getaddrinfo failed)""))"
Scarcity or Abundance? Preserving the Past in a Digital Era,https://rrchnm.org/essays/scarcity-or-abundance-preserving-the-past-in-a-digital-era/,http://www.sdsc.edu/NARA/Publications/OTHER/Persistent/Persistent.%20html,status code: 404
Scarcity or Abundance? Preserving the Past in a Digital Era,https://rrchnm.org/essays/scarcity-or-abundance-preserving-the-past-in-a-digital-era/,http://www.%20clir.org/pubs/issues/issues02.html#post,"error: HTTPConnectionPool(host='www.%20clir.org', port=80): Max retries exceeded with url: /pubs/issues/issues02.html (Caused by NameResolutionError(""<urllib3.connection.HTTPConnection object at 0x0000026D6E0BC790>: Failed to resolve 'www.%20clir.org' ([Errno 11001] getaddrinfo failed)""))"
Scarcity or Abundance? Preserving the Past in a Digital Era,https://rrchnm.org/essays/scarcity-or-abundance-preserving-the-past-in-a-digital-era/,http://%20//www.firstmonday.dk/issues/issue4_8/moglen/index.html,"error: HTTPConnectionPool(host='%20', port=80): Max retries exceeded with url: //www.firstmonday.dk/issues/issue4_8/moglen/index.html (Caused by NameResolutionError(""<urllib3.connection.HTTPConnection object at 0x0000026D6E08FA50>: Failed to resolve '%20' ([Errno 11001] getaddrinfo failed)""))"
Scarcity or Abundance? Preserving the Past in a Digital Era,https://rrchnm.org/essays/scarcity-or-abundance-preserving-the-past-in-a-digital-era/,http://www.%20clir.org/pubs/reports/conway2/index.html,"error: HTTPConnectionPool(host='www.%20clir.org', port=80): Max retries exceeded with url: /pubs/reports/conway2/index.html (Caused by NameResolutionError(""<urllib3.connection.HTTPConnection object at 0x0000026D6A006350>: Failed to resolve 'www.%20clir.org' ([Errno 11001] getaddrinfo failed)""))"
Scarcity or Abundance? Preserving the Past in a Digital Era,https://rrchnm.org/essays/scarcity-or-abundance-preserving-the-past-in-a-digital-era/,http://books.nap.edu/%20html/lc21/index.html,status code: 404
Scarcity or Abundance? Preserving the Past in a Digital Era,https://rrchnm.org/essays/scarcity-or-abundance-preserving-the-past-in-a-digital-era/,http://%20www.clir.org/pubs/reports/rothenberg/contents.html,"error: HTTPConnectionPool(host='%20www.clir.org', port=80): Max retries exceeded with url: /pubs/reports/rothenberg/contents.html (Caused by NameResolutionError(""<urllib3.connection.HTTPConnection object at 0x0000026D6C4F0C90>: Failed to resolve '%20www.clir.org' ([Errno 11001] getaddrinfo failed)""))"
Scarcity or Abundance? Preserving the Past in a Digital Era,https://rrchnm.org/essays/scarcity-or-abundance-preserving-the-past-in-a-digital-era/,http://www.clir.%20org/pubs/film/future/order.html,"error: HTTPConnectionPool(host='www.clir.%20org', port=80): Max retries exceeded with url: /pubs/film/future/order.html (Caused by NameResolutionError(""<urllib3.connection.HTTPConnection object at 0x0000026D6C529DD0>: Failed to resolve 'www.clir.%20org' ([Errno 11001] getaddrinfo failed)""))"
Scarcity or Abundance? Preserving the Past in a Digital Era,https://rrchnm.org/essays/scarcity-or-abundance-preserving-the-past-in-a-digital-era/,http://www.%20clir.org/pubs/reports/pub103/contents.html,"error: HTTPConnectionPool(host='www.%20clir.org', port=80): Max retries exceeded with url: /pubs/reports/pub103/contents.html (Caused by NameResolutionError(""<urllib3.connection.HTTPConnection object at 0x0000026D6E0BD410>: Failed to resolve 'www.%20clir.org' ([Errno 11001] getaddrinfo failed)""))"
Scarcity or Abundance? Preserving the Past in a Digital Era,https://rrchnm.org/essays/scarcity-or-abundance-preserving-the-past-in-a-digital-era/,http://www.archives.gov/publications/%20prologue/winter_2000_1960_census.html,status code: 404
Scarcity or Abundance? Preserving the Past in a Digital Era,https://rrchnm.org/essays/scarcity-or-abundance-preserving-the-past-in-a-digital-era/,http://www.%20microsoft.com/windows/lifecycle.mspx,"error: HTTPConnectionPool(host='www.%20microsoft.com', port=80): Max retries exceeded with url: /windows/lifecycle.mspx (Caused by NameResolutionError(""<urllib3.connection.HTTPConnection object at 0x0000026D6E08E410>: Failed to resolve 'www.%20microsoft.com' ([Errno 11001] getaddrinfo failed)""))"
Scarcity or Abundance? Preserving the Past in a Digital Era,https://rrchnm.org/essays/scarcity-or-abundance-preserving-the-past-in-a-digital-era/,http://www.microsoft.com/presspass/features/2002/Oct02/10%20-15support.asp,working
Scarcity or Abundance? Preserving the Past in a Digital Era,https://rrchnm.org/essays/scarcity-or-abundance-preserving-the-past-in-a-digital-era/,http://www.uky.edu%20/~kiernan/DL/hedstrom.html,"error: HTTPConnectionPool(host='www.uky.edu%20', port=80): Max retries exceeded with url: /~kiernan/DL/hedstrom.html (Caused by NameResolutionError(""<urllib3.connection.HTTPConnection object at 0x0000026D6C534590>: Failed to resolve 'www.uky.edu%20' ([Errno 11001] getaddrinfo failed)""))"
Scarcity or Abundance? Preserving the Past in a Digital Era,https://rrchnm.org/essays/scarcity-or-abundance-preserving-the-past-in-a-digital-era/,http://firstmonday.%20org/issues/issue2_8/cox/,"error: HTTPConnectionPool(host='firstmonday.%20org', port=80): Max retries exceeded with url: /issues/issue2_8/cox/ (Caused by NameResolutionError(""<urllib3.connection.HTTPConnection object at 0x0000026D6C5358D0>: Failed to resolve 'firstmonday.%20org' ([Errno 11001] getaddrinfo failed)""))"
Scarcity or Abundance? Preserving the Past in a Digital Era,https://rrchnm.org/essays/scarcity-or-abundance-preserving-the-past-in-a-digital-era/,http://www.dlib.org/%20dlib/july98/07lyman.html,status code: 404
Scarcity or Abundance? Preserving the Past in a Digital Era,https://rrchnm.org/essays/scarcity-or-abundance-preserving-the-past-in-a-digital-era/,http://www.%20clir.org/pubs/reports/pub92/contents.html,"error: HTTPConnectionPool(host='www.%20clir.org', port=80): Max retries exceeded with url: /pubs/reports/pub92/contents.html (Caused by NameResolutionError(""<urllib3.connection.HTTPConnection object at 0x0000026D6C4AAFD0>: Failed to resolve 'www.%20clir.org' ([Errno 11001] getaddrinfo failed)""))"
Scarcity or Abundance? Preserving the Past in a Digital Era,https://rrchnm.org/essays/scarcity-or-abundance-preserving-the-past-in-a-digital-era/,http://www.dlib.%20org/dlib/june98/06bearman.html,"error: HTTPConnectionPool(host='www.dlib.%20org', port=80): Max retries exceeded with url: /dlib/june98/06bearman.html (Caused by NameResolutionError(""<urllib3.connection.HTTPConnection object at 0x0000026D6E0BD690>: Failed to resolve 'www.dlib.%20org' ([Errno 11001] getaddrinfo failed)""))"
Scarcity or Abundance? Preserving the Past in a Digital Era,https://rrchnm.org/essays/scarcity-or-abundance-preserving-the-past-in-a-digital-era/,http://www.clir%20.org/pubs/reports/pub92/smith.html,"error: HTTPConnectionPool(host='www.clir%20.org', port=80): Max retries exceeded with url: /pubs/reports/pub92/smith.html (Caused by NameResolutionError(""<urllib3.connection.HTTPConnection object at 0x0000026D6C529310>: Failed to resolve 'www.clir%20.org' ([Errno 11001] getaddrinfo failed)""))"
Scarcity or Abundance? Preserving the Past in a Digital Era,https://rrchnm.org/essays/scarcity-or-abundance-preserving-the-past-in-a-digital-era/,http://www.%20clir.org/pubs/reports/pub92/contents.html,"error: HTTPConnectionPool(host='www.%20clir.org', port=80): Max retries exceeded with url: /pubs/reports/pub92/contents.html (Caused by NameResolutionError(""<urllib3.connection.HTTPConnection object at 0x0000026D6E0BE6D0>: Failed to resolve 'www.%20clir.org' ([Errno 11001] getaddrinfo failed)""))"
Scarcity or Abundance? Preserving the Past in a Digital Era,https://rrchnm.org/essays/scarcity-or-abundance-preserving-the-past-in-a-digital-era/,http://www.rlg.org/%20longterm/attributes01.pdf,working
Scarcity or Abundance? Preserving the Past in a Digital Era,https://rrchnm.org/essays/scarcity-or-abundance-preserving-the-past-in-a-digital-era/,http://www.%20dlib.org/dlib/october01/kahle/10kahle.html,"error: HTTPConnectionPool(host='www.%20dlib.org', port=80): Max retries exceeded with url: /dlib/october01/kahle/10kahle.html (Caused by NameResolutionError(""<urllib3.connection.HTTPConnection object at 0x0000026D6E0BEF10>: Failed to resolve 'www.%20dlib.org' ([Errno 11001] getaddrinfo failed)""))"
Scarcity or Abundance? Preserving the Past in a Digital Era,https://rrchnm.org/essays/scarcity-or-abundance-preserving-the-past-in-a-digital-era/,http://books.nap.edu/%20html/digital_dilemma/,status code: 404
Scarcity or Abundance? Preserving the Past in a Digital Era,https://rrchnm.org/essays/scarcity-or-abundance-preserving-the-past-in-a-digital-era/,http://newsforge.com/newsforge/02/10/21/1449250.shtml?tid=19,status code: 404
Scarcity or Abundance? Preserving the Past in a Digital Era,https://rrchnm.org/essays/scarcity-or-abundance-preserving-the-past-in-a-digital-era/,http://www.clir.%20org/pubs/reports/pub106/web.html,"error: HTTPConnectionPool(host='www.clir.%20org', port=80): Max retries exceeded with url: /pubs/reports/pub106/web.html (Caused by NameResolutionError(""<urllib3.connection.HTTPConnection object at 0x0000026D6E08DBD0>: Failed to resolve 'www.clir.%20org' ([Errno 11001] getaddrinfo failed)""))"
Scarcity or Abundance? Preserving the Past in a Digital Era,https://rrchnm.org/essays/scarcity-or-abundance-preserving-the-past-in-a-digital-era/,http://www.%20clir.org/pubs/reports/pub107/contents.html,"error: HTTPConnectionPool(host='www.%20clir.org', port=80): Max retries exceeded with url: /pubs/reports/pub107/contents.html (Caused by NameResolutionError(""<urllib3.connection.HTTPConnection object at 0x0000026D6C51BDD0>: Failed to resolve 'www.%20clir.org' ([Errno 11001] getaddrinfo failed)""))"
Scarcity or Abundance? Preserving the Past in a Digital Era,https://rrchnm.org/essays/scarcity-or-abundance-preserving-the-past-in-a-digital-era/,http://www.rbarry.%20com/cunningham-waiting2.htm,"error: HTTPConnectionPool(host='www.rbarry.%20com', port=80): Max retries exceeded with url: /cunningham-waiting2.htm (Caused by NameResolutionError(""<urllib3.connection.HTTPConnection object at 0x0000026D6C523910>: Failed to resolve 'www.rbarry.%20com' ([Errno 11001] getaddrinfo failed)""))"
Scarcity or Abundance? Preserving the Past in a Digital Era,https://rrchnm.org/essays/scarcity-or-abundance-preserving-the-past-in-a-digital-era/,http://www.archives.gov/%20records_management/pdf/%20report_on_recordkeeping_practices.pdf,status code: 404
Scarcity or Abundance? Preserving the Past in a Digital Era,https://rrchnm.org/essays/scarcity-or-abundance-preserving-the-past-in-a-digital-era/,http://www.rbarry.com/wallace.html,"error: HTTPConnectionPool(host='www.rbarry.com', port=80): Max retries exceeded with url: /wallace.html (Caused by NameResolutionError(""<urllib3.connection.HTTPConnection object at 0x0000026D6C522C50>: Failed to resolve 'www.rbarry.com' ([Errno 11001] getaddrinfo failed)""))"
Scarcity or Abundance? Preserving the Past in a Digital Era,https://rrchnm.org/essays/scarcity-or-abundance-preserving-the-past-in-a-digital-era/,http://%20www.dlib.org/dlib/october00/granger/10granger.html,"error: HTTPConnectionPool(host='%20www.dlib.org', port=80): Max retries exceeded with url: /dlib/october00/granger/10granger.html (Caused by NameResolutionError(""<urllib3.connection.HTTPConnection object at 0x0000026D6E0AE790>: Failed to resolve '%20www.dlib.org' ([Errno 11001] getaddrinfo failed)""))"
Scarcity or Abundance? Preserving the Past in a Digital Era,https://rrchnm.org/essays/scarcity-or-abundance-preserving-the-past-in-a-digital-era/,http://cecssrv1.cecs.missouri%20.edu/NSFWorkshop/hedpp.html,"error: HTTPConnectionPool(host='cecssrv1.cecs.missouri%20.edu', port=80): Max retries exceeded with url: /NSFWorkshop/hedpp.html (Caused by NameResolutionError(""<urllib3.connection.HTTPConnection object at 0x0000026D6E0C8790>: Failed to resolve 'cecssrv1.cecs.missouri%20.edu' ([Errno 11001] getaddrinfo failed)""))"
Scarcity or Abundance? Preserving the Past in a Digital Era,https://rrchnm.org/essays/scarcity-or-abundance-preserving-the-past-in-a-digital-era/,http://www.%20clir.org/pubs/reports/pub107/contents.html,"error: HTTPConnectionPool(host='www.%20clir.org', port=80): Max retries exceeded with url: /pubs/reports/pub107/contents.html (Caused by NameResolutionError(""<urllib3.connection.HTTPConnection object at 0x0000026D6E0AE510>: Failed to resolve 'www.%20clir.org' ([Errno 11001] getaddrinfo failed)""))"
Scarcity or Abundance? Preserving the Past in a Digital Era,https://rrchnm.org/essays/scarcity-or-abundance-preserving-the-past-in-a-digital-era/,http://www.dlib.%20org/dlib/july97/07bearman.html,"error: HTTPConnectionPool(host='www.dlib.%20org', port=80): Max retries exceeded with url: /dlib/july97/07bearman.html (Caused by NameResolutionError(""<urllib3.connection.HTTPConnection object at 0x0000026D6A252650>: Failed to resolve 'www.dlib.%20org' ([Errno 11001] getaddrinfo failed)""))"
Scarcity or Abundance? Preserving the Past in a Digital Era,https://rrchnm.org/essays/scarcity-or-abundance-preserving-the-past-in-a-digital-era/,http://www.archimuse.com/papers/NHPRC/,status code: 404
Scarcity or Abundance? Preserving the Past in a Digital Era,https://rrchnm.org/essays/scarcity-or-abundance-preserving-the-past-in-a-digital-era/,https://rrchnm.org/essays/scarcity-or-abundance-preserving-the-past-in-a-digital-era/NHPRC/BACartic.html%E2%80%9D%3Ehttp://www.archimuse.com/papers/%20NHPRC/BACartic.html,status code: 404
Scarcity or Abundance? Preserving the Past in a Digital Era,https://rrchnm.org/essays/scarcity-or-abundance-preserving-the-past-in-a-digital-era/,http://%20firstmonday.org/issues/issue5_1/cox/index.html,"error: HTTPConnectionPool(host='%20firstmonday.org', port=80): Max retries exceeded with url: /issues/issue5_1/cox/index.html (Caused by NameResolutionError(""<urllib3.connection.HTTPConnection object at 0x0000026D6E0C9650>: Failed to resolve '%20firstmonday.org' ([Errno 11001] getaddrinfo failed)""))"
Scarcity or Abundance? Preserving the Past in a Digital Era,https://rrchnm.org/essays/scarcity-or-abundance-preserving-the-past-in-a-digital-era/,http://www.%20rbarry.com/cookt-pastprologue-ar43fnl.htm,"error: HTTPConnectionPool(host='www.%20rbarry.com', port=80): Max retries exceeded with url: /cookt-pastprologue-ar43fnl.htm (Caused by NameResolutionError(""<urllib3.connection.HTTPConnection object at 0x0000026D6E0AD690>: Failed to resolve 'www.%20rbarry.com' ([Errno 11001] getaddrinfo failed)""))"
Scarcity or Abundance? Preserving the Past in a Digital Era,https://rrchnm.org/essays/scarcity-or-abundance-preserving-the-past-in-a-digital-era/,http://www.interpares.%20org/book/index.htm,"error: HTTPConnectionPool(host='www.interpares.%20org', port=80): Max retries exceeded with url: /book/index.htm (Caused by NameResolutionError(""<urllib3.connection.HTTPConnection object at 0x0000026D6C4DD9D0>: Failed to resolve 'www.interpares.%20org' ([Errno 11001] getaddrinfo failed)""))"
Scarcity or Abundance? Preserving the Past in a Digital Era,https://rrchnm.org/essays/scarcity-or-abundance-preserving-the-past-in-a-digital-era/,http://www.sciamdigital.com/,status code: 403
Scarcity or Abundance? Preserving the Past in a Digital Era,https://rrchnm.org/essays/scarcity-or-abundance-preserving-the-past-in-a-digital-era/,"http://www.%20wired.com/news/print/0,1294,47894,00.html","error: HTTPConnectionPool(host='www.%20wired.com', port=80): Max retries exceeded with url: /news/print/0,1294,47894,00.html (Caused by NameResolutionError(""<urllib3.connection.HTTPConnection object at 0x0000026D6E09E110>: Failed to resolve 'www.%20wired.com' ([Errno 11001] getaddrinfo failed)""))"
Scarcity or Abundance? Preserving the Past in a Digital Era,https://rrchnm.org/essays/scarcity-or-abundance-preserving-the-past-in-a-digital-era/,http://www.%20robotstxt.org/wc/mailing-list/1258.html,"error: HTTPConnectionPool(host='www.%20robotstxt.org', port=80): Max retries exceeded with url: /wc/mailing-list/1258.html (Caused by NameResolutionError(""<urllib3.connection.HTTPConnection object at 0x0000026D6E0ACB90>: Failed to resolve 'www.%20robotstxt.org' ([Errno 11001] getaddrinfo failed)""))"
Scarcity or Abundance? Preserving the Past in a Digital Era,https://rrchnm.org/essays/scarcity-or-abundance-preserving-the-past-in-a-digital-era/,http://www.wired.com/%20wired/4.10/scans.html,status code: 404
Scarcity or Abundance? Preserving the Past in a Digital Era,https://rrchnm.org/essays/scarcity-or-abundance-preserving-the-past-in-a-digital-era/,http://www.%20chriswaltrip.com/sterling/dedmed.html,"error: HTTPConnectionPool(host='www.%20chriswaltrip.com', port=80): Max retries exceeded with url: /sterling/dedmed.html (Caused by NameResolutionError(""<urllib3.connection.HTTPConnection object at 0x0000026D6E0C8350>: Failed to resolve 'www.%20chriswaltrip.com' ([Errno 11001] getaddrinfo failed)""))"
Scarcity or Abundance? Preserving the Past in a Digital Era,https://rrchnm.org/essays/scarcity-or-abundance-preserving-the-past-in-a-digital-era/,"https://rrchnm.org/essays/scarcity-or-abundance-preserving-the-past-in-a-digital-era/http%20://www.guardian.co.uk/online/story/0,3605,653286,00.html",status code: 404
Scarcity or Abundance? Preserving the Past in a Digital Era,https://rrchnm.org/essays/scarcity-or-abundance-preserving-the-past-in-a-digital-era/,http://www.%20cnet.com/software/0-8888-8-9076625-1.html,"error: HTTPConnectionPool(host='www.%20cnet.com', port=80): Max retries exceeded with url: /software/0-8888-8-9076625-1.html (Caused by NameResolutionError(""<urllib3.connection.HTTPConnection object at 0x0000026D6E0CBD50>: Failed to resolve 'www.%20cnet.com' ([Errno 11001] getaddrinfo failed)""))"
Scarcity or Abundance? Preserving the Past in a Digital Era,https://rrchnm.org/essays/scarcity-or-abundance-preserving-the-past-in-a-digital-era/,http://news.bbc.co.uk/hi/english/in_depth/%20sci_tech/2000/dot_life/newsid_1651000/1651557.stm,status code: 404
Scarcity or Abundance? Preserving the Past in a Digital Era,https://rrchnm.org/essays/scarcity-or-abundance-preserving-the-past-in-a-digital-era/,http://www.oreillynet.com/pub/a/webservices/2002/01/18/brewster.html,status code: 404
Scarcity or Abundance? Preserving the Past in a Digital Era,https://rrchnm.org/essays/scarcity-or-abundance-preserving-the-past-in-a-digital-era/,http://www.oclc.org/research/publications/newsletter/repubs/%20lavoie243/,status code: 404
Scarcity or Abundance? Preserving the Past in a Digital Era,https://rrchnm.org/essays/scarcity-or-abundance-preserving-the-past-in-a-digital-era/,http://www.dlib.%20org/dlib/november99/11pitti.html,"error: HTTPConnectionPool(host='www.dlib.%20org', port=80): Max retries exceeded with url: /dlib/november99/11pitti.html (Caused by NameResolutionError(""<urllib3.connection.HTTPConnection object at 0x0000026D6E0AC1D0>: Failed to resolve 'www.dlib.%20org' ([Errno 11001] getaddrinfo failed)""))"
Scarcity or Abundance? Preserving the Past in a Digital Era,https://rrchnm.org/essays/scarcity-or-abundance-preserving-the-past-in-a-digital-era/,http://chnm.gmu.edu/assets/historyessays/e1/roadtoxanadu1.html,working
Scarcity or Abundance? Preserving the Past in a Digital Era,https://rrchnm.org/essays/scarcity-or-abundance-preserving-the-past-in-a-digital-era/,http://www.%20robotstxt.org/wc/exclusion-admin.html,"error: HTTPConnectionPool(host='www.%20robotstxt.org', port=80): Max retries exceeded with url: /wc/exclusion-admin.html (Caused by NameResolutionError(""<urllib3.connection.HTTPConnection object at 0x0000026D6E0C8B10>: Failed to resolve 'www.%20robotstxt.org' ([Errno 11001] getaddrinfo failed)""))"
Scarcity or Abundance? Preserving the Past in a Digital Era,https://rrchnm.org/essays/scarcity-or-abundance-preserving-the-past-in-a-digital-era/,http://%20/ask.slashdot.org/askslashdot/02/06/19/1744209.shtml,"error: HTTPConnectionPool(host='%20', port=80): Max retries exceeded with url: /ask.slashdot.org/askslashdot/02/06/19/1744209.shtml (Caused by NameResolutionError(""<urllib3.connection.HTTPConnection object at 0x0000026D6E08DC10>: Failed to resolve '%20' ([Errno 11001] getaddrinfo failed)""))"
Scarcity or Abundance? Preserving the Past in a Digital Era,https://rrchnm.org/essays/scarcity-or-abundance-preserving-the-past-in-a-digital-era/,http://books.nap.edu/%20html/lc21/index.html,status code: 404
Scarcity or Abundance? Preserving the Past in a Digital Era,https://rrchnm.org/essays/scarcity-or-abundance-preserving-the-past-in-a-digital-era/,http://pandora.nla.gov.%20au/background.html,"error: HTTPConnectionPool(host='pandora.nla.gov.%20au', port=80): Max retries exceeded with url: /background.html (Caused by NameResolutionError(""<urllib3.connection.HTTPConnection object at 0x0000026D6C5298D0>: Failed to resolve 'pandora.nla.gov.%20au' ([Errno 11001] getaddrinfo failed)""))"
Scarcity or Abundance? Preserving the Past in a Digital Era,https://rrchnm.org/essays/scarcity-or-abundance-preserving-the-past-in-a-digital-era/,http://www.%20clir.org/pubs/reports/pub107/contents.html,"error: HTTPConnectionPool(host='www.%20clir.org', port=80): Max retries exceeded with url: /pubs/reports/pub107/contents.html (Caused by NameResolutionError(""<urllib3.connection.HTTPConnection object at 0x0000026D6E09C550>: Failed to resolve 'www.%20clir.org' ([Errno 11001] getaddrinfo failed)""))"
Scarcity or Abundance? Preserving the Past in a Digital Era,https://rrchnm.org/essays/scarcity-or-abundance-preserving-the-past-in-a-digital-era/,http://www.nla.%20gov.au/ntwkpubs/gw/52/p11a01.html/,"error: HTTPConnectionPool(host='www.nla.%20gov.au', port=80): Max retries exceeded with url: /ntwkpubs/gw/52/p11a01.html/ (Caused by NameResolutionError(""<urllib3.connection.HTTPConnection object at 0x0000026D6C4AB010>: Failed to resolve 'www.nla.%20gov.au' ([Errno 11001] getaddrinfo failed)""))"
Scarcity or Abundance? Preserving the Past in a Digital Era,https://rrchnm.org/essays/scarcity-or-abundance-preserving-the-past-in-a-digital-era/,http://www.archives.gov/records_management/initiatives/%20rm_redesign.html,working
Scarcity or Abundance? Preserving the Past in a Digital Era,https://rrchnm.org/essays/scarcity-or-abundance-preserving-the-past-in-a-digital-era/,http://www.gcn.com%20/vol20_no21/news/4752-1.html/,"error: HTTPConnectionPool(host='www.gcn.com%20', port=80): Max retries exceeded with url: /vol20_no21/news/4752-1.html/ (Caused by NameResolutionError(""<urllib3.connection.HTTPConnection object at 0x0000026D6E0AEB10>: Failed to resolve 'www.gcn.com%20' ([Errno 11001] getaddrinfo failed)""))"
Scarcity or Abundance? Preserving the Past in a Digital Era,https://rrchnm.org/essays/scarcity-or-abundance-preserving-the-past-in-a-digital-era/,http://www.%20clir.org/pubs/reports/pub107/contents.html,"error: HTTPConnectionPool(host='www.%20clir.org', port=80): Max retries exceeded with url: /pubs/reports/pub107/contents.html (Caused by NameResolutionError(""<urllib3.connection.HTTPConnection object at 0x0000026D6C4A9550>: Failed to resolve 'www.%20clir.org' ([Errno 11001] getaddrinfo failed)""))"
Scarcity or Abundance? Preserving the Past in a Digital Era,https://rrchnm.org/essays/scarcity-or-abundance-preserving-the-past-in-a-digital-era/,http://www.dlib.org/dlib/april02/friedlander/04friedlander.html,working
Scarcity or Abundance? Preserving the Past in a Digital Era,https://rrchnm.org/essays/scarcity-or-abundance-preserving-the-past-in-a-digital-era/,http://www.lesk.com/%20mlesk/ksg97/ksg.html,status code: 404
Scarcity or Abundance? Preserving the Past in a Digital Era,https://rrchnm.org/essays/scarcity-or-abundance-preserving-the-past-in-a-digital-era/,http://lockss.stanford.edu/,working
Scarcity or Abundance? Preserving the Past in a Digital Era,https://rrchnm.org/essays/scarcity-or-abundance-preserving-the-past-in-a-digital-era/,http://www.iht.com/cgi-bin/generic.cgi?template=%20articleprint.tmplh&ArticleId=50002,status code: 404
Scarcity or Abundance? Preserving the Past in a Digital Era,https://rrchnm.org/essays/scarcity-or-abundance-preserving-the-past-in-a-digital-era/,http://www.businessweek.com/technology/content/%20feb2002/tc20020228_1080.htm,working
Scarcity or Abundance? Preserving the Past in a Digital Era,https://rrchnm.org/essays/scarcity-or-abundance-preserving-the-past-in-a-digital-era/,http://%20www.wired.com/wired/archive/5.09/newrules_pr.html,"error: HTTPConnectionPool(host='%20www.wired.com', port=80): Max retries exceeded with url: /wired/archive/5.09/newrules_pr.html (Caused by NameResolutionError(""<urllib3.connection.HTTPConnection object at 0x0000026D6E0AF610>: Failed to resolve '%20www.wired.com' ([Errno 11001] getaddrinfo failed)""))"
Scarcity or Abundance? Preserving the Past in a Digital Era,https://rrchnm.org/essays/scarcity-or-abundance-preserving-the-past-in-a-digital-era/,http://chnm.gmu.edu/assets/historyessays/e2/rewiring1.html,working
Scarcity or Abundance? Preserving the Past in a Digital Era,https://rrchnm.org/essays/scarcity-or-abundance-preserving-the-past-in-a-digital-era/,https://rrchnm.org/essays/scarcity-or-abundance-preserving-the-past-in-a-digital-era/AHA.org/info/AHA_History/cbridenbaugh.htm%E2%80%9D%3Ehttp://www.theAHA.org/info/AHA_History/cbridenbaugh.htm,status code: 404
Scarcity or Abundance? Preserving the Past in a Digital Era,https://rrchnm.org/essays/scarcity-or-abundance-preserving-the-past-in-a-digital-era/,http://www.archives.gov/%20research_room/alic/reference_desk/NARA_timeline.html,status code: 404
Scarcity or Abundance? Preserving the Past in a Digital Era,https://rrchnm.org/essays/scarcity-or-abundance-preserving-the-past-in-a-digital-era/,http://www.clir.org%20/pubs/issues/issues20.html,"error: HTTPConnectionPool(host='www.clir.org%20', port=80): Max retries exceeded with url: /pubs/issues/issues20.html (Caused by NameResolutionError(""<urllib3.connection.HTTPConnection object at 0x0000026D6E0C8D10>: Failed to resolve 'www.clir.org%20' ([Errno 11001] getaddrinfo failed)""))"
Scarcity or Abundance? Preserving the Past in a Digital Era,https://rrchnm.org/essays/scarcity-or-abundance-preserving-the-past-in-a-digital-era/,http://hnn.us/articles/691.html,working
Scarcity or Abundance? Preserving the Past in a Digital Era,https://rrchnm.org/essays/scarcity-or-abundance-preserving-the-past-in-a-digital-era/,http://firstmonday.org/issues/issue5_12/cox/index.html,status code: 404
Scarcity or Abundance? Preserving the Past in a Digital Era,https://rrchnm.org/essays/scarcity-or-abundance-preserving-the-past-in-a-digital-era/,https://rrchnm.org/essays/scarcity-or-abundance-preserving-the-past-in-a-digital-era/www.clir.org/pubs/reports/pub82/pub82text.html,status code: 404
Scarcity or Abundance? Preserving the Past in a Digital Era,https://rrchnm.org/essays/scarcity-or-abundance-preserving-the-past-in-a-digital-era/,https://rrchnm.org/essays/scarcity-or-abundance-preserving-the-past-in-a-digital-era/www.nybooks.com/articles/15195,status code: 404
Scarcity or Abundance? Preserving the Past in a Digital Era,https://rrchnm.org/essays/scarcity-or-abundance-preserving-the-past-in-a-digital-era/,https://rrchnm.org/essays/scarcity-or-abundance-preserving-the-past-in-a-digital-era/www.soros.org/openaccess,status code: 404
Scarcity or Abundance? Preserving the Past in a Digital Era,https://rrchnm.org/essays/scarcity-or-abundance-preserving-the-past-in-a-digital-era/,https://rrchnm.org/essays/scarcity-or-abundance-preserving-the-past-in-a-digital-era/www.historians.org/info/AHA_History/jwinsor.htm,status code: 404
Surfing for the Past: How to Separate the Good from the Bad,https://rrchnm.org/essays/surfing-for-the-past-how-to-separate-the-good-from-the-bad/,https://web.archive.org/web/20220629191055/http://www.harappa.com/,working
Surfing for the Past: How to Separate the Good from the Bad,https://rrchnm.org/essays/surfing-for-the-past-how-to-separate-the-good-from-the-bad/,https://web.archive.org/web/20220629191055/http://www.fordham.edu/halsall/africa/africasbook.html,working
Surfing for the Past: How to Separate the Good from the Bad,https://rrchnm.org/essays/surfing-for-the-past-how-to-separate-the-good-from-the-bad/,https://web.archive.org/web/20220629191055/http://lcweb2.loc.gov/amhome.html,working
Surfing for the Past: How to Separate the Good from the Bad,https://rrchnm.org/essays/surfing-for-the-past-how-to-separate-the-good-from-the-bad/,https://web.archive.org/web/20220629191055/http://dohistory.org/,working
Surfing for the Past: How to Separate the Good from the Bad,https://rrchnm.org/essays/surfing-for-the-past-how-to-separate-the-good-from-the-bad/,https://web.archive.org/web/20220629191055/http://www.google.com/,working
Surfing for the Past: How to Separate the Good from the Bad,https://rrchnm.org/essays/surfing-for-the-past-how-to-separate-the-good-from-the-bad/,https://web.archive.org/web/20220629191055/http://www.theaha.org/,status code: 403
Surfing for the Past: How to Separate the Good from the Bad,https://rrchnm.org/essays/surfing-for-the-past-how-to-separate-the-good-from-the-bad/,https://web.archive.org/web/20220629191055/http://www.merlot.org/,working
Surfing for the Past: How to Separate the Good from the Bad,https://rrchnm.org/essays/surfing-for-the-past-how-to-separate-the-good-from-the-bad/,https://web.archive.org/web/20220629191055/http://scout.wisc.edu/,working
Surfing for the Past: How to Separate the Good from the Bad,https://rrchnm.org/essays/surfing-for-the-past-how-to-separate-the-good-from-the-bad/,https://web.archive.org/web/20220629191055/http://historymatters.gmu.edu/,working
Surfing for the Past: How to Separate the Good from the Bad,https://rrchnm.org/essays/surfing-for-the-past-how-to-separate-the-good-from-the-bad/,https://web.archive.org/web/20220629191055/http://historymatters.gmu.edu/,working
Surfing for the Past: How to Separate the Good from the Bad,https://rrchnm.org/essays/surfing-for-the-past-how-to-separate-the-good-from-the-bad/,https://web.archive.org/web/20220629191055/http://chnm.gmu.edu/whm,working
Surfing for the Past: How to Separate the Good from the Bad,https://rrchnm.org/essays/surfing-for-the-past-how-to-separate-the-good-from-the-bad/,https://web.archive.org/web/20220629191055/http://chnm.gmu.edu/whm,working
Surfing for the Past: How to Separate the Good from the Bad,https://rrchnm.org/essays/surfing-for-the-past-how-to-separate-the-good-from-the-bad/,https://web.archive.org/web/20220629191055/http://historymatters.gmu.edu/browse/makesense/,working
‘Scholars will soon be instructed through the eye’: E-Supplements and the Teaching of U.S. History,https://rrchnm.org/essays/scholars-will-soon-be-instructed-through-the-eye-e-supplements-and-the-teaching-of-u-s-history/,https://web.archive.org/web/20220629201556/http://www.historycooperative.org/,working
‘Scholars will soon be instructed through the eye’: E-Supplements and the Teaching of U.S. History,https://rrchnm.org/essays/scholars-will-soon-be-instructed-through-the-eye-e-supplements-and-the-teaching-of-u-s-history/,https://web.archive.org/web/20220629201556/http://www.historycooperative.org/journals/jah/89.4/jaffee.html,status code: 404
‘Scholars will soon be instructed through the eye’: E-Supplements and the Teaching of U.S. History,https://rrchnm.org/essays/scholars-will-soon-be-instructed-through-the-eye-e-supplements-and-the-teaching-of-u-s-history/,https://web.archive.org/web/20220629201556/https://rrchnm.org/essay/scholars-will-soon-be-instructed-through-the-eye-e-supplements-and-the-teaching-of-u-s-history/#N_1_,working
‘Scholars will soon be instructed through the eye’: E-Supplements and the Teaching of U.S. History,https://rrchnm.org/essays/scholars-will-soon-be-instructed-through-the-eye-e-supplements-and-the-teaching-of-u-s-history/,https://web.archive.org/web/20220629201556/https://rrchnm.org/essay/scholars-will-soon-be-instructed-through-the-eye-e-supplements-and-the-teaching-of-u-s-history/#N_2_,working
‘Scholars will soon be instructed through the eye’: E-Supplements and the Teaching of U.S. History,https://rrchnm.org/essays/scholars-will-soon-be-instructed-through-the-eye-e-supplements-and-the-teaching-of-u-s-history/,https://web.archive.org/web/20220629201556/https://rrchnm.org/essay/scholars-will-soon-be-instructed-through-the-eye-e-supplements-and-the-teaching-of-u-s-history/#N_3_,working
‘Scholars will soon be instructed through the eye’: E-Supplements and the Teaching of U.S. History,https://rrchnm.org/essays/scholars-will-soon-be-instructed-through-the-eye-e-supplements-and-the-teaching-of-u-s-history/,https://web.archive.org/web/20220629201556/https://rrchnm.org/essay/scholars-will-soon-be-instructed-through-the-eye-e-supplements-and-the-teaching-of-u-s-history/#N_4_,working
‘Scholars will soon be instructed through the eye’: E-Supplements and the Teaching of U.S. History,https://rrchnm.org/essays/scholars-will-soon-be-instructed-through-the-eye-e-supplements-and-the-teaching-of-u-s-history/,https://web.archive.org/web/20220629201556/https://rrchnm.org/essay/scholars-will-soon-be-instructed-through-the-eye-e-supplements-and-the-teaching-of-u-s-history/#N_5_,working
‘Scholars will soon be instructed through the eye’: E-Supplements and the Teaching of U.S. History,https://rrchnm.org/essays/scholars-will-soon-be-instructed-through-the-eye-e-supplements-and-the-teaching-of-u-s-history/,https://web.archive.org/web/20220629201556/https://rrchnm.org/essay/scholars-will-soon-be-instructed-through-the-eye-e-supplements-and-the-teaching-of-u-s-history/#N_6_,working
‘Scholars will soon be instructed through the eye’: E-Supplements and the Teaching of U.S. History,https://rrchnm.org/essays/scholars-will-soon-be-instructed-through-the-eye-e-supplements-and-the-teaching-of-u-s-history/,https://web.archive.org/web/20220629201556/https://rrchnm.org/essay/scholars-will-soon-be-instructed-through-the-eye-e-supplements-and-the-teaching-of-u-s-history/#N_7_,working
‘Scholars will soon be instructed through the eye’: E-Supplements and the Teaching of U.S. History,https://rrchnm.org/essays/scholars-will-soon-be-instructed-through-the-eye-e-supplements-and-the-teaching-of-u-s-history/,https://web.archive.org/web/20220629201556/https://rrchnm.org/essay/scholars-will-soon-be-instructed-through-the-eye-e-supplements-and-the-teaching-of-u-s-history/#N_8_,working
‘Scholars will soon be instructed through the eye’: E-Supplements and the Teaching of U.S. History,https://rrchnm.org/essays/scholars-will-soon-be-instructed-through-the-eye-e-supplements-and-the-teaching-of-u-s-history/,https://web.archive.org/web/20220629201556/https://rrchnm.org/essay/scholars-will-soon-be-instructed-through-the-eye-e-supplements-and-the-teaching-of-u-s-history/#N_9_,working
‘Scholars will soon be instructed through the eye’: E-Supplements and the Teaching of U.S. History,https://rrchnm.org/essays/scholars-will-soon-be-instructed-through-the-eye-e-supplements-and-the-teaching-of-u-s-history/,https://web.archive.org/web/20220629201556/https://rrchnm.org/essay/scholars-will-soon-be-instructed-through-the-eye-e-supplements-and-the-teaching-of-u-s-history/#N_10_,working
‘Scholars will soon be instructed through the eye’: E-Supplements and the Teaching of U.S. History,https://rrchnm.org/essays/scholars-will-soon-be-instructed-through-the-eye-e-supplements-and-the-teaching-of-u-s-history/,https://web.archive.org/web/20220629201556/https://rrchnm.org/essay/scholars-will-soon-be-instructed-through-the-eye-e-supplements-and-the-teaching-of-u-s-history/#N_11_,working
‘Scholars will soon be instructed through the eye’: E-Supplements and the Teaching of U.S. History,https://rrchnm.org/essays/scholars-will-soon-be-instructed-through-the-eye-e-supplements-and-the-teaching-of-u-s-history/,https://web.archive.org/web/20220629201556/https://rrchnm.org/essay/scholars-will-soon-be-instructed-through-the-eye-e-supplements-and-the-teaching-of-u-s-history/#N_12_,working
‘Scholars will soon be instructed through the eye’: E-Supplements and the Teaching of U.S. History,https://rrchnm.org/essays/scholars-will-soon-be-instructed-through-the-eye-e-supplements-and-the-teaching-of-u-s-history/,https://web.archive.org/web/20220629201556/https://rrchnm.org/essay/scholars-will-soon-be-instructed-through-the-eye-e-supplements-and-the-teaching-of-u-s-history/#N_13_,working
‘Scholars will soon be instructed through the eye’: E-Supplements and the Teaching of U.S. History,https://rrchnm.org/essays/scholars-will-soon-be-instructed-through-the-eye-e-supplements-and-the-teaching-of-u-s-history/,https://web.archive.org/web/20220629201556/https://rrchnm.org/essay/scholars-will-soon-be-instructed-through-the-eye-e-supplements-and-the-teaching-of-u-s-history/#N_14_,working
‘Scholars will soon be instructed through the eye’: E-Supplements and the Teaching of U.S. History,https://rrchnm.org/essays/scholars-will-soon-be-instructed-through-the-eye-e-supplements-and-the-teaching-of-u-s-history/,https://web.archive.org/web/20220629201556/https://rrchnm.org/essay/scholars-will-soon-be-instructed-through-the-eye-e-supplements-and-the-teaching-of-u-s-history/#N_15_,working
‘Scholars will soon be instructed through the eye’: E-Supplements and the Teaching of U.S. History,https://rrchnm.org/essays/scholars-will-soon-be-instructed-through-the-eye-e-supplements-and-the-teaching-of-u-s-history/,https://web.archive.org/web/20220629201556/http://chnm.gmu.edu/images/jaffee1.jpg,working
‘Scholars will soon be instructed through the eye’: E-Supplements and the Teaching of U.S. History,https://rrchnm.org/essays/scholars-will-soon-be-instructed-through-the-eye-e-supplements-and-the-teaching-of-u-s-history/,https://web.archive.org/web/20220629201556/https://rrchnm.org/essay/scholars-will-soon-be-instructed-through-the-eye-e-supplements-and-the-teaching-of-u-s-history/#N_16_,working
‘Scholars will soon be instructed through the eye’: E-Supplements and the Teaching of U.S. History,https://rrchnm.org/essays/scholars-will-soon-be-instructed-through-the-eye-e-supplements-and-the-teaching-of-u-s-history/,https://web.archive.org/web/20220629201556/http://chnm.gmu.edu/images/jaffee2.jpg,working
‘Scholars will soon be instructed through the eye’: E-Supplements and the Teaching of U.S. History,https://rrchnm.org/essays/scholars-will-soon-be-instructed-through-the-eye-e-supplements-and-the-teaching-of-u-s-history/,https://web.archive.org/web/20220629201556/http://www.bedfordstmartins.com/history/modules/mod01/frameset.htm,status code: 404
‘Scholars will soon be instructed through the eye’: E-Supplements and the Teaching of U.S. History,https://rrchnm.org/essays/scholars-will-soon-be-instructed-through-the-eye-e-supplements-and-the-teaching-of-u-s-history/,https://web.archive.org/web/20220629201556/https://rrchnm.org/essay/scholars-will-soon-be-instructed-through-the-eye-e-supplements-and-the-teaching-of-u-s-history/#N_17_,working
‘Scholars will soon be instructed through the eye’: E-Supplements and the Teaching of U.S. History,https://rrchnm.org/essays/scholars-will-soon-be-instructed-through-the-eye-e-supplements-and-the-teaching-of-u-s-history/,https://web.archive.org/web/20220629201556/https://rrchnm.org/essay/scholars-will-soon-be-instructed-through-the-eye-e-supplements-and-the-teaching-of-u-s-history/#N_18_,working
‘Scholars will soon be instructed through the eye’: E-Supplements and the Teaching of U.S. History,https://rrchnm.org/essays/scholars-will-soon-be-instructed-through-the-eye-e-supplements-and-the-teaching-of-u-s-history/,https://web.archive.org/web/20220629201556/https://rrchnm.org/essay/scholars-will-soon-be-instructed-through-the-eye-e-supplements-and-the-teaching-of-u-s-history/#N_19_,working
‘Scholars will soon be instructed through the eye’: E-Supplements and the Teaching of U.S. History,https://rrchnm.org/essays/scholars-will-soon-be-instructed-through-the-eye-e-supplements-and-the-teaching-of-u-s-history/,https://web.archive.org/web/20220629201556/http://www.nga.gov/,working
‘Scholars will soon be instructed through the eye’: E-Supplements and the Teaching of U.S. History,https://rrchnm.org/essays/scholars-will-soon-be-instructed-through-the-eye-e-supplements-and-the-teaching-of-u-s-history/,https://web.archive.org/web/20220629201556/https://rrchnm.org/essay/scholars-will-soon-be-instructed-through-the-eye-e-supplements-and-the-teaching-of-u-s-history/#N_20_,working
‘Scholars will soon be instructed through the eye’: E-Supplements and the Teaching of U.S. History,https://rrchnm.org/essays/scholars-will-soon-be-instructed-through-the-eye-e-supplements-and-the-teaching-of-u-s-history/,https://web.archive.org/web/20220629201556/https://rrchnm.org/essay/scholars-will-soon-be-instructed-through-the-eye-e-supplements-and-the-teaching-of-u-s-history/#N_21_,working
‘Scholars will soon be instructed through the eye’: E-Supplements and the Teaching of U.S. History,https://rrchnm.org/essays/scholars-will-soon-be-instructed-through-the-eye-e-supplements-and-the-teaching-of-u-s-history/,https://web.archive.org/web/20220629201556/https://rrchnm.org/essay/scholars-will-soon-be-instructed-through-the-eye-e-supplements-and-the-teaching-of-u-s-history/#N_22_,working
‘Scholars will soon be instructed through the eye’: E-Supplements and the Teaching of U.S. History,https://rrchnm.org/essays/scholars-will-soon-be-instructed-through-the-eye-e-supplements-and-the-teaching-of-u-s-history/,https://web.archive.org/web/20220629201556/https://rrchnm.org/essay/scholars-will-soon-be-instructed-through-the-eye-e-supplements-and-the-teaching-of-u-s-history/#N_23_,working
‘Scholars will soon be instructed through the eye’: E-Supplements and the Teaching of U.S. History,https://rrchnm.org/essays/scholars-will-soon-be-instructed-through-the-eye-e-supplements-and-the-teaching-of-u-s-history/,https://web.archive.org/web/20220629201556/https://rrchnm.org/essay/scholars-will-soon-be-instructed-through-the-eye-e-supplements-and-the-teaching-of-u-s-history/#N_24_,working
‘Scholars will soon be instructed through the eye’: E-Supplements and the Teaching of U.S. History,https://rrchnm.org/essays/scholars-will-soon-be-instructed-through-the-eye-e-supplements-and-the-teaching-of-u-s-history/,https://web.archive.org/web/20220629201556/https://rrchnm.org/essay/scholars-will-soon-be-instructed-through-the-eye-e-supplements-and-the-teaching-of-u-s-history/#N_25_,working
‘Scholars will soon be instructed through the eye’: E-Supplements and the Teaching of U.S. History,https://rrchnm.org/essays/scholars-will-soon-be-instructed-through-the-eye-e-supplements-and-the-teaching-of-u-s-history/,https://web.archive.org/web/20220629201556/https://rrchnm.org/essay/scholars-will-soon-be-instructed-through-the-eye-e-supplements-and-the-teaching-of-u-s-history/#N_26_,working
‘Scholars will soon be instructed through the eye’: E-Supplements and the Teaching of U.S. History,https://rrchnm.org/essays/scholars-will-soon-be-instructed-through-the-eye-e-supplements-and-the-teaching-of-u-s-history/,https://web.archive.org/web/20220629201556/https://rrchnm.org/essay/scholars-will-soon-be-instructed-through-the-eye-e-supplements-and-the-teaching-of-u-s-history/#N_27_,working
‘Scholars will soon be instructed through the eye’: E-Supplements and the Teaching of U.S. History,https://rrchnm.org/essays/scholars-will-soon-be-instructed-through-the-eye-e-supplements-and-the-teaching-of-u-s-history/,https://web.archive.org/web/20220629201556/https://rrchnm.org/essay/scholars-will-soon-be-instructed-through-the-eye-e-supplements-and-the-teaching-of-u-s-history/#N_28_,working
‘Scholars will soon be instructed through the eye’: E-Supplements and the Teaching of U.S. History,https://rrchnm.org/essays/scholars-will-soon-be-instructed-through-the-eye-e-supplements-and-the-teaching-of-u-s-history/,https://web.archive.org/web/20220629201556/https://rrchnm.org/essay/scholars-will-soon-be-instructed-through-the-eye-e-supplements-and-the-teaching-of-u-s-history/#N_29_,working
‘Scholars will soon be instructed through the eye’: E-Supplements and the Teaching of U.S. History,https://rrchnm.org/essays/scholars-will-soon-be-instructed-through-the-eye-e-supplements-and-the-teaching-of-u-s-history/,https://web.archive.org/web/20220629201556/https://rrchnm.org/essay/scholars-will-soon-be-instructed-through-the-eye-e-supplements-and-the-teaching-of-u-s-history/#N_30_,working
‘Scholars will soon be instructed through the eye’: E-Supplements and the Teaching of U.S. History,https://rrchnm.org/essays/scholars-will-soon-be-instructed-through-the-eye-e-supplements-and-the-teaching-of-u-s-history/,https://web.archive.org/web/20220629201556/https://rrchnm.org/essay/scholars-will-soon-be-instructed-through-the-eye-e-supplements-and-the-teaching-of-u-s-history/#N_31_,working
‘Scholars will soon be instructed through the eye’: E-Supplements and the Teaching of U.S. History,https://rrchnm.org/essays/scholars-will-soon-be-instructed-through-the-eye-e-supplements-and-the-teaching-of-u-s-history/,https://web.archive.org/web/20220629201556/https://rrchnm.org/essay/scholars-will-soon-be-instructed-through-the-eye-e-supplements-and-the-teaching-of-u-s-history/#N_32_,working
‘Scholars will soon be instructed through the eye’: E-Supplements and the Teaching of U.S. History,https://rrchnm.org/essays/scholars-will-soon-be-instructed-through-the-eye-e-supplements-and-the-teaching-of-u-s-history/,https://web.archive.org/web/20220629201556/https://rrchnm.org/essay/scholars-will-soon-be-instructed-through-the-eye-e-supplements-and-the-teaching-of-u-s-history/#N_33_,working
‘Scholars will soon be instructed through the eye’: E-Supplements and the Teaching of U.S. History,https://rrchnm.org/essays/scholars-will-soon-be-instructed-through-the-eye-e-supplements-and-the-teaching-of-u-s-history/,https://web.archive.org/web/20220629201556/https://rrchnm.org/essay/scholars-will-soon-be-instructed-through-the-eye-e-supplements-and-the-teaching-of-u-s-history/#N_34_,working
‘Scholars will soon be instructed through the eye’: E-Supplements and the Teaching of U.S. History,https://rrchnm.org/essays/scholars-will-soon-be-instructed-through-the-eye-e-supplements-and-the-teaching-of-u-s-history/,https://web.archive.org/web/20220629201556/https://rrchnm.org/essay/scholars-will-soon-be-instructed-through-the-eye-e-supplements-and-the-teaching-of-u-s-history/#N_35_,working
‘Scholars will soon be instructed through the eye’: E-Supplements and the Teaching of U.S. History,https://rrchnm.org/essays/scholars-will-soon-be-instructed-through-the-eye-e-supplements-and-the-teaching-of-u-s-history/,https://web.archive.org/web/20220629201556/https://rrchnm.org/essay/scholars-will-soon-be-instructed-through-the-eye-e-supplements-and-the-teaching-of-u-s-history/#N_36_,working
‘Scholars will soon be instructed through the eye’: E-Supplements and the Teaching of U.S. History,https://rrchnm.org/essays/scholars-will-soon-be-instructed-through-the-eye-e-supplements-and-the-teaching-of-u-s-history/,https://web.archive.org/web/20220629201556/https://rrchnm.org/essay/scholars-will-soon-be-instructed-through-the-eye-e-supplements-and-the-teaching-of-u-s-history/#N_37_,working
‘Scholars will soon be instructed through the eye’: E-Supplements and the Teaching of U.S. History,https://rrchnm.org/essays/scholars-will-soon-be-instructed-through-the-eye-e-supplements-and-the-teaching-of-u-s-history/,https://web.archive.org/web/20220629201556/https://rrchnm.org/essay/scholars-will-soon-be-instructed-through-the-eye-e-supplements-and-the-teaching-of-u-s-history/#N_38_,working
‘Scholars will soon be instructed through the eye’: E-Supplements and the Teaching of U.S. History,https://rrchnm.org/essays/scholars-will-soon-be-instructed-through-the-eye-e-supplements-and-the-teaching-of-u-s-history/,https://web.archive.org/web/20220629201556/http://chnm.gmu.edu/images/jaffee3.jpg,working
‘Scholars will soon be instructed through the eye’: E-Supplements and the Teaching of U.S. History,https://rrchnm.org/essays/scholars-will-soon-be-instructed-through-the-eye-e-supplements-and-the-teaching-of-u-s-history/,https://web.archive.org/web/20220629201556/http://www.tenement.org/Virtual_Tour/vt_confino.html,status code: 404
‘Scholars will soon be instructed through the eye’: E-Supplements and the Teaching of U.S. History,https://rrchnm.org/essays/scholars-will-soon-be-instructed-through-the-eye-e-supplements-and-the-teaching-of-u-s-history/,https://web.archive.org/web/20220629201556/https://rrchnm.org/essay/scholars-will-soon-be-instructed-through-the-eye-e-supplements-and-the-teaching-of-u-s-history/#N_39_,working
‘Scholars will soon be instructed through the eye’: E-Supplements and the Teaching of U.S. History,https://rrchnm.org/essays/scholars-will-soon-be-instructed-through-the-eye-e-supplements-and-the-teaching-of-u-s-history/,https://web.archive.org/web/20220629201556/http://www.bedfordstmartins.com/history/research/get.htm?page=research_frame.htm,status code: 404
‘Scholars will soon be instructed through the eye’: E-Supplements and the Teaching of U.S. History,https://rrchnm.org/essays/scholars-will-soon-be-instructed-through-the-eye-e-supplements-and-the-teaching-of-u-s-history/,https://web.archive.org/web/20220629201556/http://www.bedfordstmartins.com/history/henretta/,status code: 404
‘Scholars will soon be instructed through the eye’: E-Supplements and the Teaching of U.S. History,https://rrchnm.org/essays/scholars-will-soon-be-instructed-through-the-eye-e-supplements-and-the-teaching-of-u-s-history/,https://web.archive.org/web/20220629201556/http://bedfordstmartins.com/tap/,status code: 404
‘Scholars will soon be instructed through the eye’: E-Supplements and the Teaching of U.S. History,https://rrchnm.org/essays/scholars-will-soon-be-instructed-through-the-eye-e-supplements-and-the-teaching-of-u-s-history/,https://web.archive.org/web/20220629201556/http://www.mhhe.com/socscience/history/usa/brink/solc/index.htm,working
‘Scholars will soon be instructed through the eye’: E-Supplements and the Teaching of U.S. History,https://rrchnm.org/essays/scholars-will-soon-be-instructed-through-the-eye-e-supplements-and-the-teaching-of-u-s-history/,https://web.archive.org/web/20220629201556/http://www.mhhe.com/socscience/history/usa/david4/index.mhtml,working
‘Scholars will soon be instructed through the eye’: E-Supplements and the Teaching of U.S. History,https://rrchnm.org/essays/scholars-will-soon-be-instructed-through-the-eye-e-supplements-and-the-teaching-of-u-s-history/,https://web.archive.org/web/20220629201556/http://www.ushistoryplace.com/,working
‘Scholars will soon be instructed through the eye’: E-Supplements and the Teaching of U.S. History,https://rrchnm.org/essays/scholars-will-soon-be-instructed-through-the-eye-e-supplements-and-the-teaching-of-u-s-history/,https://web.archive.org/web/20220629201556/http://cwx.prenhall.com/bookbind/pubbooks/faragher3/,status code: 400
‘Scholars will soon be instructed through the eye’: E-Supplements and the Teaching of U.S. History,https://rrchnm.org/essays/scholars-will-soon-be-instructed-through-the-eye-e-supplements-and-the-teaching-of-u-s-history/,https://web.archive.org/web/20220629201556/http://occawlonline.pearsoned.com/bookbind/pubbooks/nash5e_awl/,status code: 400
‘Scholars will soon be instructed through the eye’: E-Supplements and the Teaching of U.S. History,https://rrchnm.org/essays/scholars-will-soon-be-instructed-through-the-eye-e-supplements-and-the-teaching-of-u-s-history/,"https://web.archive.org/web/20220629201556/http://wps.prenhall.com/hss_boydston_makinganat_1/0,4737,108040-,00.html",status code: 404
‘Scholars will soon be instructed through the eye’: E-Supplements and the Teaching of U.S. History,https://rrchnm.org/essays/scholars-will-soon-be-instructed-through-the-eye-e-supplements-and-the-teaching-of-u-s-history/,https://web.archive.org/web/20220629201556/http://www.americanjourney.psmedia.com/index.html,working
‘Scholars will soon be instructed through the eye’: E-Supplements and the Teaching of U.S. History,https://rrchnm.org/essays/scholars-will-soon-be-instructed-through-the-eye-e-supplements-and-the-teaching-of-u-s-history/,https://web.archive.org/web/20220629201556/http://azimuth.harcourtcollege.com/history/ayers/MainAP/welcome.html,status code: 404
‘Scholars will soon be instructed through the eye’: E-Supplements and the Teaching of U.S. History,https://rrchnm.org/essays/scholars-will-soon-be-instructed-through-the-eye-e-supplements-and-the-teaching-of-u-s-history/,https://web.archive.org/web/20220629201556/http://www.wadsworth.com/cgi-wadsworth/course_products_wp.pl?fid=M&discipline_number=212/&product_isbn_issn=0534168930/,status code: 404
‘Scholars will soon be instructed through the eye’: E-Supplements and the Teaching of U.S. History,https://rrchnm.org/essays/scholars-will-soon-be-instructed-through-the-eye-e-supplements-and-the-teaching-of-u-s-history/,https://web.archive.org/web/20220629201556/http://college.hmco.com/history/us/kennedy/am_pageant/12e/instructors/index.html,working
‘Scholars will soon be instructed through the eye’: E-Supplements and the Teaching of U.S. History,https://rrchnm.org/essays/scholars-will-soon-be-instructed-through-the-eye-e-supplements-and-the-teaching-of-u-s-history/,https://web.archive.org/web/20220629201556/http://college.hmco.com/history/us/norton/people_nation/6e/instructors/index.html,working
‘Scholars will soon be instructed through the eye’: E-Supplements and the Teaching of U.S. History,https://rrchnm.org/essays/scholars-will-soon-be-instructed-through-the-eye-e-supplements-and-the-teaching-of-u-s-history/,https://web.archive.org/web/20220629201556/http://college.hmco.com/history/us/berkin/making_america_brief/2e/instructors/index.html,working
‘Scholars will soon be instructed through the eye’: E-Supplements and the Teaching of U.S. History,https://rrchnm.org/essays/scholars-will-soon-be-instructed-through-the-eye-e-supplements-and-the-teaching-of-u-s-history/,https://web.archive.org/web/20220629201556/http://www.wwnorton.com/college/titles/history/inv/emedia.htm,working
‘Scholars will soon be instructed through the eye’: E-Supplements and the Teaching of U.S. History,https://rrchnm.org/essays/scholars-will-soon-be-instructed-through-the-eye-e-supplements-and-the-teaching-of-u-s-history/,https://web.archive.org/web/20220629201556/http://www.wwnorton.com/tindall/,working
‘Scholars will soon be instructed through the eye’: E-Supplements and the Teaching of U.S. History,https://rrchnm.org/essays/scholars-will-soon-be-instructed-through-the-eye-e-supplements-and-the-teaching-of-u-s-history/,https://web.archive.org/web/20220629201556/https://rrchnm.org/essay/scholars-will-soon-be-instructed-through-the-eye-e-supplements-and-the-teaching-of-u-s-history/#ref1,working
‘Scholars will soon be instructed through the eye’: E-Supplements and the Teaching of U.S. History,https://rrchnm.org/essays/scholars-will-soon-be-instructed-through-the-eye-e-supplements-and-the-teaching-of-u-s-history/,https://web.archive.org/web/20220629201556/https://rrchnm.org/essay/scholars-will-soon-be-instructed-through-the-eye-e-supplements-and-the-teaching-of-u-s-history/#ref2,working
‘Scholars will soon be instructed through the eye’: E-Supplements and the Teaching of U.S. History,https://rrchnm.org/essays/scholars-will-soon-be-instructed-through-the-eye-e-supplements-and-the-teaching-of-u-s-history/,https://web.archive.org/web/20220629201556/https://rrchnm.org/essay/scholars-will-soon-be-instructed-through-the-eye-e-supplements-and-the-teaching-of-u-s-history/#ref3,working
‘Scholars will soon be instructed through the eye’: E-Supplements and the Teaching of U.S. History,https://rrchnm.org/essays/scholars-will-soon-be-instructed-through-the-eye-e-supplements-and-the-teaching-of-u-s-history/,https://web.archive.org/web/20220629201556/http://www.pewinternet.org/reports/toc.asp?Report=67,status code: 404
‘Scholars will soon be instructed through the eye’: E-Supplements and the Teaching of U.S. History,https://rrchnm.org/essays/scholars-will-soon-be-instructed-through-the-eye-e-supplements-and-the-teaching-of-u-s-history/,https://web.archive.org/web/20220629201556/http://www.pewinternet.org/reports/toc.asp?Report=71,status code: 404
‘Scholars will soon be instructed through the eye’: E-Supplements and the Teaching of U.S. History,https://rrchnm.org/essays/scholars-will-soon-be-instructed-through-the-eye-e-supplements-and-the-teaching-of-u-s-history/,https://web.archive.org/web/20220629201556/https://rrchnm.org/essay/scholars-will-soon-be-instructed-through-the-eye-e-supplements-and-the-teaching-of-u-s-history/#ref4,working
‘Scholars will soon be instructed through the eye’: E-Supplements and the Teaching of U.S. History,https://rrchnm.org/essays/scholars-will-soon-be-instructed-through-the-eye-e-supplements-and-the-teaching-of-u-s-history/,https://web.archive.org/web/20220629201556/http://jefferson.village.virginia.edu/vshadow2/,status code: 404
‘Scholars will soon be instructed through the eye’: E-Supplements and the Teaching of U.S. History,https://rrchnm.org/essays/scholars-will-soon-be-instructed-through-the-eye-e-supplements-and-the-teaching-of-u-s-history/,https://web.archive.org/web/20220629201556/http://lcweb2.loc.gov/ammem/,status code: 403
‘Scholars will soon be instructed through the eye’: E-Supplements and the Teaching of U.S. History,https://rrchnm.org/essays/scholars-will-soon-be-instructed-through-the-eye-e-supplements-and-the-teaching-of-u-s-history/,https://web.archive.org/web/20220629201556/https://rrchnm.org/essay/scholars-will-soon-be-instructed-through-the-eye-e-supplements-and-the-teaching-of-u-s-history/#ref5,working
‘Scholars will soon be instructed through the eye’: E-Supplements and the Teaching of U.S. History,https://rrchnm.org/essays/scholars-will-soon-be-instructed-through-the-eye-e-supplements-and-the-teaching-of-u-s-history/,https://web.archive.org/web/20220629201556/https://rrchnm.org/essay/scholars-will-soon-be-instructed-through-the-eye-e-supplements-and-the-teaching-of-u-s-history/#ref6,working
‘Scholars will soon be instructed through the eye’: E-Supplements and the Teaching of U.S. History,https://rrchnm.org/essays/scholars-will-soon-be-instructed-through-the-eye-e-supplements-and-the-teaching-of-u-s-history/,https://web.archive.org/web/20220629201556/http://www.ilrn.com/,working
‘Scholars will soon be instructed through the eye’: E-Supplements and the Teaching of U.S. History,https://rrchnm.org/essays/scholars-will-soon-be-instructed-through-the-eye-e-supplements-and-the-teaching-of-u-s-history/,https://web.archive.org/web/20220629201556/https://rrchnm.org/essay/scholars-will-soon-be-instructed-through-the-eye-e-supplements-and-the-teaching-of-u-s-history/#ref7,working
‘Scholars will soon be instructed through the eye’: E-Supplements and the Teaching of U.S. History,https://rrchnm.org/essays/scholars-will-soon-be-instructed-through-the-eye-e-supplements-and-the-teaching-of-u-s-history/,https://web.archive.org/web/20220629201556/http://www.wwnorton.com/college/titles/history/inv/emedia.htm,working
‘Scholars will soon be instructed through the eye’: E-Supplements and the Teaching of U.S. History,https://rrchnm.org/essays/scholars-will-soon-be-instructed-through-the-eye-e-supplements-and-the-teaching-of-u-s-history/,https://web.archive.org/web/20220629201556/http://www.americanjourney.psmedia.com/index.html,working
‘Scholars will soon be instructed through the eye’: E-Supplements and the Teaching of U.S. History,https://rrchnm.org/essays/scholars-will-soon-be-instructed-through-the-eye-e-supplements-and-the-teaching-of-u-s-history/,https://web.archive.org/web/20220629201556/https://rrchnm.org/essay/scholars-will-soon-be-instructed-through-the-eye-e-supplements-and-the-teaching-of-u-s-history/#ref8,working
‘Scholars will soon be instructed through the eye’: E-Supplements and the Teaching of U.S. History,https://rrchnm.org/essays/scholars-will-soon-be-instructed-through-the-eye-e-supplements-and-the-teaching-of-u-s-history/,https://web.archive.org/web/20220629201556/http://highered.mcgraw-hill.com/sites/0072417722/student_view0/chapter1/interactive_people_and_places.html,working
‘Scholars will soon be instructed through the eye’: E-Supplements and the Teaching of U.S. History,https://rrchnm.org/essays/scholars-will-soon-be-instructed-through-the-eye-e-supplements-and-the-teaching-of-u-s-history/,https://web.archive.org/web/20220629201556/https://rrchnm.org/essay/scholars-will-soon-be-instructed-through-the-eye-e-supplements-and-the-teaching-of-u-s-history/#ref9,"error: HTTPSConnectionPool(host='web.archive.org', port=443): Max retries exceeded with url: /web/20220629201556/https://rrchnm.org/essay/scholars-will-soon-be-instructed-through-the-eye-e-supplements-and-the-teaching-of-u-s-history/ (Caused by NewConnectionError('<urllib3.connection.HTTPSConnection object at 0x0000026D6E08CCD0>: Failed to establish a new connection: [WinError 10061] No connection could be made because the target machine actively refused it'))"
‘Scholars will soon be instructed through the eye’: E-Supplements and the Teaching of U.S. History,https://rrchnm.org/essays/scholars-will-soon-be-instructed-through-the-eye-e-supplements-and-the-teaching-of-u-s-history/,https://web.archive.org/web/20220629201556/http://www.georgetown.edu/crossroads/guide/engines.html,status code: 404
‘Scholars will soon be instructed through the eye’: E-Supplements and the Teaching of U.S. History,https://rrchnm.org/essays/scholars-will-soon-be-instructed-through-the-eye-e-supplements-and-the-teaching-of-u-s-history/,https://web.archive.org/web/20220629201556/https://rrchnm.org/essay/scholars-will-soon-be-instructed-through-the-eye-e-supplements-and-the-teaching-of-u-s-history/#ref10,working
‘Scholars will soon be instructed through the eye’: E-Supplements and the Teaching of U.S. History,https://rrchnm.org/essays/scholars-will-soon-be-instructed-through-the-eye-e-supplements-and-the-teaching-of-u-s-history/,https://web.archive.org/web/20220629201556/https://rrchnm.org/essay/scholars-will-soon-be-instructed-through-the-eye-e-supplements-and-the-teaching-of-u-s-history/#ref11,working
‘Scholars will soon be instructed through the eye’: E-Supplements and the Teaching of U.S. History,https://rrchnm.org/essays/scholars-will-soon-be-instructed-through-the-eye-e-supplements-and-the-teaching-of-u-s-history/,https://web.archive.org/web/20220629201556/http://darkwing.uoregon.edu/~atlas/,status code: 403
‘Scholars will soon be instructed through the eye’: E-Supplements and the Teaching of U.S. History,https://rrchnm.org/essays/scholars-will-soon-be-instructed-through-the-eye-e-supplements-and-the-teaching-of-u-s-history/,https://web.archive.org/web/20220629201556/https://rrchnm.org/essay/scholars-will-soon-be-instructed-through-the-eye-e-supplements-and-the-teaching-of-u-s-history/#ref12,working
‘Scholars will soon be instructed through the eye’: E-Supplements and the Teaching of U.S. History,https://rrchnm.org/essays/scholars-will-soon-be-instructed-through-the-eye-e-supplements-and-the-teaching-of-u-s-history/,https://web.archive.org/web/20220629201556/http://www.mhhe.com/socscience/history/usa/david4/graphics/davidson4non/ch01/intex/chap01intex.htm,working
‘Scholars will soon be instructed through the eye’: E-Supplements and the Teaching of U.S. History,https://rrchnm.org/essays/scholars-will-soon-be-instructed-through-the-eye-e-supplements-and-the-teaching-of-u-s-history/,https://web.archive.org/web/20220629201556/http://historymatters.gmu.edu/mse/maps/,working
‘Scholars will soon be instructed through the eye’: E-Supplements and the Teaching of U.S. History,https://rrchnm.org/essays/scholars-will-soon-be-instructed-through-the-eye-e-supplements-and-the-teaching-of-u-s-history/,https://web.archive.org/web/20220629201556/https://rrchnm.org/essay/scholars-will-soon-be-instructed-through-the-eye-e-supplements-and-the-teaching-of-u-s-history/#ref13,working
‘Scholars will soon be instructed through the eye’: E-Supplements and the Teaching of U.S. History,https://rrchnm.org/essays/scholars-will-soon-be-instructed-through-the-eye-e-supplements-and-the-teaching-of-u-s-history/,https://web.archive.org/web/20220629201556/http://college.hmco.com/history/us/kennedy/am_pageant/12e/students/activities/ch01.html,working
‘Scholars will soon be instructed through the eye’: E-Supplements and the Teaching of U.S. History,https://rrchnm.org/essays/scholars-will-soon-be-instructed-through-the-eye-e-supplements-and-the-teaching-of-u-s-history/,https://web.archive.org/web/20220629201556/http://memory.loc.gov/ammem/gmdhtml/gutierrz.html,working
‘Scholars will soon be instructed through the eye’: E-Supplements and the Teaching of U.S. History,https://rrchnm.org/essays/scholars-will-soon-be-instructed-through-the-eye-e-supplements-and-the-teaching-of-u-s-history/,https://web.archive.org/web/20220629201556/http://memory.loc.gov/ammem/gmdhtml/dsxphome.html,working
‘Scholars will soon be instructed through the eye’: E-Supplements and the Teaching of U.S. History,https://rrchnm.org/essays/scholars-will-soon-be-instructed-through-the-eye-e-supplements-and-the-teaching-of-u-s-history/,https://web.archive.org/web/20220629201556/http://www.davidrumsey.com/,working
‘Scholars will soon be instructed through the eye’: E-Supplements and the Teaching of U.S. History,https://rrchnm.org/essays/scholars-will-soon-be-instructed-through-the-eye-e-supplements-and-the-teaching-of-u-s-history/,https://web.archive.org/web/20220629201556/https://rrchnm.org/essay/scholars-will-soon-be-instructed-through-the-eye-e-supplements-and-the-teaching-of-u-s-history/#ref14,working
‘Scholars will soon be instructed through the eye’: E-Supplements and the Teaching of U.S. History,https://rrchnm.org/essays/scholars-will-soon-be-instructed-through-the-eye-e-supplements-and-the-teaching-of-u-s-history/,https://web.archive.org/web/20220629201556/http://www.lib.virginia.edu/speccol/exhibits/lewis_clark/home.htm,status code: 404
‘Scholars will soon be instructed through the eye’: E-Supplements and the Teaching of U.S. History,https://rrchnm.org/essays/scholars-will-soon-be-instructed-through-the-eye-e-supplements-and-the-teaching-of-u-s-history/,https://web.archive.org/web/20220629201556/http://www.ucalgary.ca/applied_history/tutor/eurvoya/,status code: 404
‘Scholars will soon be instructed through the eye’: E-Supplements and the Teaching of U.S. History,https://rrchnm.org/essays/scholars-will-soon-be-instructed-through-the-eye-e-supplements-and-the-teaching-of-u-s-history/,https://web.archive.org/web/20220629201556/https://rrchnm.org/essay/scholars-will-soon-be-instructed-through-the-eye-e-supplements-and-the-teaching-of-u-s-history/#ref15,working
‘Scholars will soon be instructed through the eye’: E-Supplements and the Teaching of U.S. History,https://rrchnm.org/essays/scholars-will-soon-be-instructed-through-the-eye-e-supplements-and-the-teaching-of-u-s-history/,https://web.archive.org/web/20220629201556/https://rrchnm.org/essay/scholars-will-soon-be-instructed-through-the-eye-e-supplements-and-the-teaching-of-u-s-history/#ref16,working
‘Scholars will soon be instructed through the eye’: E-Supplements and the Teaching of U.S. History,https://rrchnm.org/essays/scholars-will-soon-be-instructed-through-the-eye-e-supplements-and-the-teaching-of-u-s-history/,https://web.archive.org/web/20220629201556/http://www.bedfordstmartins.com/history/modules/mod01/frameset.htm,status code: 404
‘Scholars will soon be instructed through the eye’: E-Supplements and the Teaching of U.S. History,https://rrchnm.org/essays/scholars-will-soon-be-instructed-through-the-eye-e-supplements-and-the-teaching-of-u-s-history/,https://web.archive.org/web/20220629201556/https://rrchnm.org/essay/scholars-will-soon-be-instructed-through-the-eye-e-supplements-and-the-teaching-of-u-s-history/#ref17,working
‘Scholars will soon be instructed through the eye’: E-Supplements and the Teaching of U.S. History,https://rrchnm.org/essays/scholars-will-soon-be-instructed-through-the-eye-e-supplements-and-the-teaching-of-u-s-history/,https://web.archive.org/web/20220629201556/http://www.bedfordstmartins.com/history/modules/mod05/frameset.htm,status code: 404
‘Scholars will soon be instructed through the eye’: E-Supplements and the Teaching of U.S. History,https://rrchnm.org/essays/scholars-will-soon-be-instructed-through-the-eye-e-supplements-and-the-teaching-of-u-s-history/,https://web.archive.org/web/20220629201556/https://rrchnm.org/essay/scholars-will-soon-be-instructed-through-the-eye-e-supplements-and-the-teaching-of-u-s-history/#ref18,working
‘Scholars will soon be instructed through the eye’: E-Supplements and the Teaching of U.S. History,https://rrchnm.org/essays/scholars-will-soon-be-instructed-through-the-eye-e-supplements-and-the-teaching-of-u-s-history/,https://web.archive.org/web/20220629201556/https://rrchnm.org/essay/scholars-will-soon-be-instructed-through-the-eye-e-supplements-and-the-teaching-of-u-s-history/#ref19,working
‘Scholars will soon be instructed through the eye’: E-Supplements and the Teaching of U.S. History,https://rrchnm.org/essays/scholars-will-soon-be-instructed-through-the-eye-e-supplements-and-the-teaching-of-u-s-history/,https://web.archive.org/web/20220629201556/http://college.hmco.com/history/us/norton/people_nation/6e/students/primary/copley.htm,working
‘Scholars will soon be instructed through the eye’: E-Supplements and the Teaching of U.S. History,https://rrchnm.org/essays/scholars-will-soon-be-instructed-through-the-eye-e-supplements-and-the-teaching-of-u-s-history/,https://web.archive.org/web/20220629201556/https://rrchnm.org/essay/scholars-will-soon-be-instructed-through-the-eye-e-supplements-and-the-teaching-of-u-s-history/#ref20,working
‘Scholars will soon be instructed through the eye’: E-Supplements and the Teaching of U.S. History,https://rrchnm.org/essays/scholars-will-soon-be-instructed-through-the-eye-e-supplements-and-the-teaching-of-u-s-history/,https://web.archive.org/web/20220629201556/http://www.ushistoryplace.com/learning/watson/intro.html,status code: 404
‘Scholars will soon be instructed through the eye’: E-Supplements and the Teaching of U.S. History,https://rrchnm.org/essays/scholars-will-soon-be-instructed-through-the-eye-e-supplements-and-the-teaching-of-u-s-history/,https://web.archive.org/web/20220629201556/https://rrchnm.org/essay/scholars-will-soon-be-instructed-through-the-eye-e-supplements-and-the-teaching-of-u-s-history/#ref21,working
‘Scholars will soon be instructed through the eye’: E-Supplements and the Teaching of U.S. History,https://rrchnm.org/essays/scholars-will-soon-be-instructed-through-the-eye-e-supplements-and-the-teaching-of-u-s-history/,https://web.archive.org/web/20220629201556/http://azimuth.harcourtcollege.com/history/ayers/chapter5/5.1.massacre.html,status code: 404
‘Scholars will soon be instructed through the eye’: E-Supplements and the Teaching of U.S. History,https://rrchnm.org/essays/scholars-will-soon-be-instructed-through-the-eye-e-supplements-and-the-teaching-of-u-s-history/,"https://web.archive.org/web/20220629201556/http://www.americanjourney.psmedia.com/cgi-bin/aj/aj/crosslink.cgi?query=(ARPIC0031):docid&arealist=AR&source=TOC%3Ehttp://www.americanjourney.psmedia.com/cgi-bin/aj/aj/crosslink.cgi?query=(ARPIC0031):docid&arealist=AR&source=TOC%3C/a%3E;%20%E2%80%9CInternet%20Exercises,%E2%80%9D%20chapter%205,%20%E2%80%9CToward%20the%20War%20for%20American%20Independence,%E2%80%9D%20%3Cem%3ENation%20of%20Nations,%20in%20Online%20Learning%20Center%3C/em%3E%20%3Ca%20href=",status code: 404
‘Scholars will soon be instructed through the eye’: E-Supplements and the Teaching of U.S. History,https://rrchnm.org/essays/scholars-will-soon-be-instructed-through-the-eye-e-supplements-and-the-teaching-of-u-s-history/,https://web.archive.org/web/20220629201556/https://rrchnm.org/essay/scholars-will-soon-be-instructed-through-the-eye-e-supplements-and-the-teaching-of-u-s-history/#ref22,working
‘Scholars will soon be instructed through the eye’: E-Supplements and the Teaching of U.S. History,https://rrchnm.org/essays/scholars-will-soon-be-instructed-through-the-eye-e-supplements-and-the-teaching-of-u-s-history/,https://web.archive.org/web/20220629201556/http://georgewashington.si.edu/,working
‘Scholars will soon be instructed through the eye’: E-Supplements and the Teaching of U.S. History,https://rrchnm.org/essays/scholars-will-soon-be-instructed-through-the-eye-e-supplements-and-the-teaching-of-u-s-history/,https://web.archive.org/web/20220629201556/http://www.worcesterart.org/Collection/Early_American/,working
‘Scholars will soon be instructed through the eye’: E-Supplements and the Teaching of U.S. History,https://rrchnm.org/essays/scholars-will-soon-be-instructed-through-the-eye-e-supplements-and-the-teaching-of-u-s-history/,https://web.archive.org/web/20220629201556/https://rrchnm.org/essay/scholars-will-soon-be-instructed-through-the-eye-e-supplements-and-the-teaching-of-u-s-history/#ref23,working
‘Scholars will soon be instructed through the eye’: E-Supplements and the Teaching of U.S. History,https://rrchnm.org/essays/scholars-will-soon-be-instructed-through-the-eye-e-supplements-and-the-teaching-of-u-s-history/,https://web.archive.org/web/20220629201556/https://rrchnm.org/essay/scholars-will-soon-be-instructed-through-the-eye-e-supplements-and-the-teaching-of-u-s-history/#ref24,working
‘Scholars will soon be instructed through the eye’: E-Supplements and the Teaching of U.S. History,https://rrchnm.org/essays/scholars-will-soon-be-instructed-through-the-eye-e-supplements-and-the-teaching-of-u-s-history/,https://web.archive.org/web/20220629201556/http://www.ushistoryplace.com/realia/realia.html?path=div0068.jpeg,status code: 404
‘Scholars will soon be instructed through the eye’: E-Supplements and the Teaching of U.S. History,https://rrchnm.org/essays/scholars-will-soon-be-instructed-through-the-eye-e-supplements-and-the-teaching-of-u-s-history/,https://web.archive.org/web/20220629201556/http://college.hmco.com/history/us/resources/students/primary/otherhalf.htm%3Ehttp://college.hmco.com/history/us/resources/students/primary/otherhalf.htm%3C/a%3E.%3C/p%3E%3Cp%3E%3Ca%20href=,status code: 404
‘Scholars will soon be instructed through the eye’: E-Supplements and the Teaching of U.S. History,https://rrchnm.org/essays/scholars-will-soon-be-instructed-through-the-eye-e-supplements-and-the-teaching-of-u-s-history/,https://web.archive.org/web/20220629201556/http://college.hmco.com/history/us/kennedy/am_pageant/12e/students/activities/ch25.html,working
‘Scholars will soon be instructed through the eye’: E-Supplements and the Teaching of U.S. History,https://rrchnm.org/essays/scholars-will-soon-be-instructed-through-the-eye-e-supplements-and-the-teaching-of-u-s-history/,https://web.archive.org/web/20220629201556/http://www.mcny.org/,working
‘Scholars will soon be instructed through the eye’: E-Supplements and the Teaching of U.S. History,https://rrchnm.org/essays/scholars-will-soon-be-instructed-through-the-eye-e-supplements-and-the-teaching-of-u-s-history/,https://web.archive.org/web/20220629201556/https://rrchnm.org/essay/scholars-will-soon-be-instructed-through-the-eye-e-supplements-and-the-teaching-of-u-s-history/#ref26,working
‘Scholars will soon be instructed through the eye’: E-Supplements and the Teaching of U.S. History,https://rrchnm.org/essays/scholars-will-soon-be-instructed-through-the-eye-e-supplements-and-the-teaching-of-u-s-history/,https://web.archive.org/web/20220629201556/http://www.bedfordstmartins.com/history/modules/mod22/frameset.htm,status code: 404
‘Scholars will soon be instructed through the eye’: E-Supplements and the Teaching of U.S. History,https://rrchnm.org/essays/scholars-will-soon-be-instructed-through-the-eye-e-supplements-and-the-teaching-of-u-s-history/,https://web.archive.org/web/20220629201556/http://www.yale.edu/amstud/inforev/riis/title.html,working
‘Scholars will soon be instructed through the eye’: E-Supplements and the Teaching of U.S. History,https://rrchnm.org/essays/scholars-will-soon-be-instructed-through-the-eye-e-supplements-and-the-teaching-of-u-s-history/,https://web.archive.org/web/20220629201556/https://rrchnm.org/essay/scholars-will-soon-be-instructed-through-the-eye-e-supplements-and-the-teaching-of-u-s-history/#ref27,working
‘Scholars will soon be instructed through the eye’: E-Supplements and the Teaching of U.S. History,https://rrchnm.org/essays/scholars-will-soon-be-instructed-through-the-eye-e-supplements-and-the-teaching-of-u-s-history/,https://web.archive.org/web/20220629201556/http://www.ushistoryplace.com/learning/estate/intro.html,status code: 404
‘Scholars will soon be instructed through the eye’: E-Supplements and the Teaching of U.S. History,https://rrchnm.org/essays/scholars-will-soon-be-instructed-through-the-eye-e-supplements-and-the-teaching-of-u-s-history/,https://web.archive.org/web/20220629201556/https://rrchnm.org/essay/scholars-will-soon-be-instructed-through-the-eye-e-supplements-and-the-teaching-of-u-s-history/#ref28,working
‘Scholars will soon be instructed through the eye’: E-Supplements and the Teaching of U.S. History,https://rrchnm.org/essays/scholars-will-soon-be-instructed-through-the-eye-e-supplements-and-the-teaching-of-u-s-history/,https://web.archive.org/web/20220629201556/http://www.dohistory.org/,working
‘Scholars will soon be instructed through the eye’: E-Supplements and the Teaching of U.S. History,https://rrchnm.org/essays/scholars-will-soon-be-instructed-through-the-eye-e-supplements-and-the-teaching-of-u-s-history/,https://web.archive.org/web/20220629201556/https://rrchnm.org/essay/scholars-will-soon-be-instructed-through-the-eye-e-supplements-and-the-teaching-of-u-s-history/#ref29,working
‘Scholars will soon be instructed through the eye’: E-Supplements and the Teaching of U.S. History,https://rrchnm.org/essays/scholars-will-soon-be-instructed-through-the-eye-e-supplements-and-the-teaching-of-u-s-history/,https://web.archive.org/web/20220629201556/http://americanart.si.edu/collections/exhibits/metlives/,status code: 404
‘Scholars will soon be instructed through the eye’: E-Supplements and the Teaching of U.S. History,https://rrchnm.org/essays/scholars-will-soon-be-instructed-through-the-eye-e-supplements-and-the-teaching-of-u-s-history/,https://web.archive.org/web/20220629201556/https://rrchnm.org/essay/scholars-will-soon-be-instructed-through-the-eye-e-supplements-and-the-teaching-of-u-s-history/#ref30,working
‘Scholars will soon be instructed through the eye’: E-Supplements and the Teaching of U.S. History,https://rrchnm.org/essays/scholars-will-soon-be-instructed-through-the-eye-e-supplements-and-the-teaching-of-u-s-history/,https://web.archive.org/web/20220629201556/https://rrchnm.org/essay/scholars-will-soon-be-instructed-through-the-eye-e-supplements-and-the-teaching-of-u-s-history/#ref31,working
‘Scholars will soon be instructed through the eye’: E-Supplements and the Teaching of U.S. History,https://rrchnm.org/essays/scholars-will-soon-be-instructed-through-the-eye-e-supplements-and-the-teaching-of-u-s-history/,https://web.archive.org/web/20220629201556/http://www.wwnorton.com/college/titles/history/inv/preview/welcome.htm,working
‘Scholars will soon be instructed through the eye’: E-Supplements and the Teaching of U.S. History,https://rrchnm.org/essays/scholars-will-soon-be-instructed-through-the-eye-e-supplements-and-the-teaching-of-u-s-history/,https://web.archive.org/web/20220629201556/http://www.americanjourney.psmedia.com/cgi-bin/aj/aj/crosslink.cgi?query=(ARPIC0021):docid&arealist=AR&source=MAIN%3Ehttp://www.americanjourney.psmedia.com/cgi-bin/aj/aj/crosslink.cgi?query=(ARPIC0021):docid&arealist=AR&source=MAIN%3C/a%3E.%3C/p%3E%3Cp%3E%3Ca%20href=,status code: 404
‘Scholars will soon be instructed through the eye’: E-Supplements and the Teaching of U.S. History,https://rrchnm.org/essays/scholars-will-soon-be-instructed-through-the-eye-e-supplements-and-the-teaching-of-u-s-history/,https://web.archive.org/web/20220629201556/https://rrchnm.org/essay/scholars-will-soon-be-instructed-through-the-eye-e-supplements-and-the-teaching-of-u-s-history/#ref33,working
‘Scholars will soon be instructed through the eye’: E-Supplements and the Teaching of U.S. History,https://rrchnm.org/essays/scholars-will-soon-be-instructed-through-the-eye-e-supplements-and-the-teaching-of-u-s-history/,https://web.archive.org/web/20220629201556/http://college.hmco.com/history/us/kennedy/am_pageant/12e/students/activities/ch32.html,working
‘Scholars will soon be instructed through the eye’: E-Supplements and the Teaching of U.S. History,https://rrchnm.org/essays/scholars-will-soon-be-instructed-through-the-eye-e-supplements-and-the-teaching-of-u-s-history/,https://web.archive.org/web/20220629201556/http://www.filmsite.org/jazz.html,working
‘Scholars will soon be instructed through the eye’: E-Supplements and the Teaching of U.S. History,https://rrchnm.org/essays/scholars-will-soon-be-instructed-through-the-eye-e-supplements-and-the-teaching-of-u-s-history/,https://web.archive.org/web/20220629201556/https://rrchnm.org/essay/scholars-will-soon-be-instructed-through-the-eye-e-supplements-and-the-teaching-of-u-s-history/#ref34,working
‘Scholars will soon be instructed through the eye’: E-Supplements and the Teaching of U.S. History,https://rrchnm.org/essays/scholars-will-soon-be-instructed-through-the-eye-e-supplements-and-the-teaching-of-u-s-history/,https://web.archive.org/web/20220629201556/http://www.mhhe.com/socscience/history/usa/david4/graphics/davidson4non/ch20/intex/chap20intex.htm,working
‘Scholars will soon be instructed through the eye’: E-Supplements and the Teaching of U.S. History,https://rrchnm.org/essays/scholars-will-soon-be-instructed-through-the-eye-e-supplements-and-the-teaching-of-u-s-history/,https://web.archive.org/web/20220629201556/http://lcweb2.loc.gov/ammem/ndlpedu/collections/vs/vsintro.html,working
‘Scholars will soon be instructed through the eye’: E-Supplements and the Teaching of U.S. History,https://rrchnm.org/essays/scholars-will-soon-be-instructed-through-the-eye-e-supplements-and-the-teaching-of-u-s-history/,https://web.archive.org/web/20220629201556/http://occawlonline.pearsoned.com/bookbind/pubbooks/nash5e_awl/chapter21/essay1/deluxe-content.html,status code: 400
‘Scholars will soon be instructed through the eye’: E-Supplements and the Teaching of U.S. History,https://rrchnm.org/essays/scholars-will-soon-be-instructed-through-the-eye-e-supplements-and-the-teaching-of-u-s-history/,https://web.archive.org/web/20220629201556/http://thirteen.org/ihas/timeline.html,working
‘Scholars will soon be instructed through the eye’: E-Supplements and the Teaching of U.S. History,https://rrchnm.org/essays/scholars-will-soon-be-instructed-through-the-eye-e-supplements-and-the-teaching-of-u-s-history/,https://web.archive.org/web/20220629201556/http://www.redhotjazz.com/,working
‘Scholars will soon be instructed through the eye’: E-Supplements and the Teaching of U.S. History,https://rrchnm.org/essays/scholars-will-soon-be-instructed-through-the-eye-e-supplements-and-the-teaching-of-u-s-history/,https://web.archive.org/web/20220629201556/https://rrchnm.org/essay/scholars-will-soon-be-instructed-through-the-eye-e-supplements-and-the-teaching-of-u-s-history/#ref35,working
‘Scholars will soon be instructed through the eye’: E-Supplements and the Teaching of U.S. History,https://rrchnm.org/essays/scholars-will-soon-be-instructed-through-the-eye-e-supplements-and-the-teaching-of-u-s-history/,https://web.archive.org/web/20220629201556/http://www.ushistoryplace.com/videoplay.html?url=videos/carfactory.mov,status code: 404
‘Scholars will soon be instructed through the eye’: E-Supplements and the Teaching of U.S. History,https://rrchnm.org/essays/scholars-will-soon-be-instructed-through-the-eye-e-supplements-and-the-teaching-of-u-s-history/,https://web.archive.org/web/20220629201556/https://rrchnm.org/essay/scholars-will-soon-be-instructed-through-the-eye-e-supplements-and-the-teaching-of-u-s-history/#ref36,working
‘Scholars will soon be instructed through the eye’: E-Supplements and the Teaching of U.S. History,https://rrchnm.org/essays/scholars-will-soon-be-instructed-through-the-eye-e-supplements-and-the-teaching-of-u-s-history/,https://web.archive.org/web/20220629201556/http://www.wwnorton.com/college/titles/history/inv/preview/ellisaudio.htm,working
‘Scholars will soon be instructed through the eye’: E-Supplements and the Teaching of U.S. History,https://rrchnm.org/essays/scholars-will-soon-be-instructed-through-the-eye-e-supplements-and-the-teaching-of-u-s-history/,https://web.archive.org/web/20220629201556/https://rrchnm.org/essay/scholars-will-soon-be-instructed-through-the-eye-e-supplements-and-the-teaching-of-u-s-history/#ref37,working
‘Scholars will soon be instructed through the eye’: E-Supplements and the Teaching of U.S. History,https://rrchnm.org/essays/scholars-will-soon-be-instructed-through-the-eye-e-supplements-and-the-teaching-of-u-s-history/,https://web.archive.org/web/20220629201556/http://www.tenement.org/Virtual_Tour/index_virtual.html,status code: 404
‘Scholars will soon be instructed through the eye’: E-Supplements and the Teaching of U.S. History,https://rrchnm.org/essays/scholars-will-soon-be-instructed-through-the-eye-e-supplements-and-the-teaching-of-u-s-history/,https://web.archive.org/web/20220629201556/https://rrchnm.org/essay/scholars-will-soon-be-instructed-through-the-eye-e-supplements-and-the-teaching-of-u-s-history/#ref38,working
‘Scholars will soon be instructed through the eye’: E-Supplements and the Teaching of U.S. History,https://rrchnm.org/essays/scholars-will-soon-be-instructed-through-the-eye-e-supplements-and-the-teaching-of-u-s-history/,https://web.archive.org/web/20220629201556/https://rrchnm.org/essay/scholars-will-soon-be-instructed-through-the-eye-e-supplements-and-the-teaching-of-u-s-history/#ref39,working
‘Scholars will soon be instructed through the eye’: E-Supplements and the Teaching of U.S. History,https://rrchnm.org/essays/scholars-will-soon-be-instructed-through-the-eye-e-supplements-and-the-teaching-of-u-s-history/,https://web.archive.org/web/20220629201556/http://firstmonday.org/issues/issue7_1/castell/,working
Labor History on the World Wide Web: Thoughts on Jumping onto a Moving Express,https://rrchnm.org/essays/labor-history-on-the-world-wide-web-thoughts-on-jumping-onto-a-moving-express/,https://web.archive.org/web/20220629194223/https://rrchnm.org/essay/labor-history-on-the-world-wide-web-thoughts-on-jumping-onto-a-moving-express/#N_1_,working
Labor History on the World Wide Web: Thoughts on Jumping onto a Moving Express,https://rrchnm.org/essays/labor-history-on-the-world-wide-web-thoughts-on-jumping-onto-a-moving-express/,https://web.archive.org/web/20220629194223/https://rrchnm.org/essay/labor-history-on-the-world-wide-web-thoughts-on-jumping-onto-a-moving-express/#N_2_,working
Labor History on the World Wide Web: Thoughts on Jumping onto a Moving Express,https://rrchnm.org/essays/labor-history-on-the-world-wide-web-thoughts-on-jumping-onto-a-moving-express/,https://web.archive.org/web/20220629194223/https://rrchnm.org/essay/labor-history-on-the-world-wide-web-thoughts-on-jumping-onto-a-moving-express/#N_3_,working
Labor History on the World Wide Web: Thoughts on Jumping onto a Moving Express,https://rrchnm.org/essays/labor-history-on-the-world-wide-web-thoughts-on-jumping-onto-a-moving-express/,https://web.archive.org/web/20220629194223/https://rrchnm.org/essay/labor-history-on-the-world-wide-web-thoughts-on-jumping-onto-a-moving-express/#N_4_,working
Labor History on the World Wide Web: Thoughts on Jumping onto a Moving Express,https://rrchnm.org/essays/labor-history-on-the-world-wide-web-thoughts-on-jumping-onto-a-moving-express/,https://web.archive.org/web/20220629194223/https://rrchnm.org/essay/labor-history-on-the-world-wide-web-thoughts-on-jumping-onto-a-moving-express/#N_5_,working
Labor History on the World Wide Web: Thoughts on Jumping onto a Moving Express,https://rrchnm.org/essays/labor-history-on-the-world-wide-web-thoughts-on-jumping-onto-a-moving-express/,https://web.archive.org/web/20220629194223/https://rrchnm.org/essay/labor-history-on-the-world-wide-web-thoughts-on-jumping-onto-a-moving-express/#N_6_,working
Labor History on the World Wide Web: Thoughts on Jumping onto a Moving Express,https://rrchnm.org/essays/labor-history-on-the-world-wide-web-thoughts-on-jumping-onto-a-moving-express/,https://web.archive.org/web/20220629194223/https://rrchnm.org/essay/labor-history-on-the-world-wide-web-thoughts-on-jumping-onto-a-moving-express/#N_7_,working
Labor History on the World Wide Web: Thoughts on Jumping onto a Moving Express,https://rrchnm.org/essays/labor-history-on-the-world-wide-web-thoughts-on-jumping-onto-a-moving-express/,https://web.archive.org/web/20220629194223/http://www.history/,working
Labor History on the World Wide Web: Thoughts on Jumping onto a Moving Express,https://rrchnm.org/essays/labor-history-on-the-world-wide-web-thoughts-on-jumping-onto-a-moving-express/,https://web.archive.org/web/20220629194223/https://rrchnm.org/essay/labor-history-on-the-world-wide-web-thoughts-on-jumping-onto-a-moving-express/#N_8_,working
Labor History on the World Wide Web: Thoughts on Jumping onto a Moving Express,https://rrchnm.org/essays/labor-history-on-the-world-wide-web-thoughts-on-jumping-onto-a-moving-express/,https://web.archive.org/web/20220629194223/https://rrchnm.org/essay/labor-history-on-the-world-wide-web-thoughts-on-jumping-onto-a-moving-express/#N_9_,working
Labor History on the World Wide Web: Thoughts on Jumping onto a Moving Express,https://rrchnm.org/essays/labor-history-on-the-world-wide-web-thoughts-on-jumping-onto-a-moving-express/,https://web.archive.org/web/20220629194223/https://rrchnm.org/essay/labor-history-on-the-world-wide-web-thoughts-on-jumping-onto-a-moving-express/#N_10_,working
Labor History on the World Wide Web: Thoughts on Jumping onto a Moving Express,https://rrchnm.org/essays/labor-history-on-the-world-wide-web-thoughts-on-jumping-onto-a-moving-express/,https://web.archive.org/web/20220629194223/https://rrchnm.org/essay/labor-history-on-the-world-wide-web-thoughts-on-jumping-onto-a-moving-express/#N_11_,working
Labor History on the World Wide Web: Thoughts on Jumping onto a Moving Express,https://rrchnm.org/essays/labor-history-on-the-world-wide-web-thoughts-on-jumping-onto-a-moving-express/,https://web.archive.org/web/20220629194223/https://rrchnm.org/essay/labor-history-on-the-world-wide-web-thoughts-on-jumping-onto-a-moving-express/#N_12_,working
Labor History on the World Wide Web: Thoughts on Jumping onto a Moving Express,https://rrchnm.org/essays/labor-history-on-the-world-wide-web-thoughts-on-jumping-onto-a-moving-express/,https://web.archive.org/web/20220629194223/https://rrchnm.org/essay/labor-history-on-the-world-wide-web-thoughts-on-jumping-onto-a-moving-express/#N_13_,working
Labor History on the World Wide Web: Thoughts on Jumping onto a Moving Express,https://rrchnm.org/essays/labor-history-on-the-world-wide-web-thoughts-on-jumping-onto-a-moving-express/,https://web.archive.org/web/20220629194223/https://rrchnm.org/essay/labor-history-on-the-world-wide-web-thoughts-on-jumping-onto-a-moving-express/#N_14_,working
Labor History on the World Wide Web: Thoughts on Jumping onto a Moving Express,https://rrchnm.org/essays/labor-history-on-the-world-wide-web-thoughts-on-jumping-onto-a-moving-express/,https://web.archive.org/web/20220629194223/https://rrchnm.org/essay/labor-history-on-the-world-wide-web-thoughts-on-jumping-onto-a-moving-express/#N_15_,working
Labor History on the World Wide Web: Thoughts on Jumping onto a Moving Express,https://rrchnm.org/essays/labor-history-on-the-world-wide-web-thoughts-on-jumping-onto-a-moving-express/,https://web.archive.org/web/20220629194223/https://rrchnm.org/essay/labor-history-on-the-world-wide-web-thoughts-on-jumping-onto-a-moving-express/#N_16_,working
Labor History on the World Wide Web: Thoughts on Jumping onto a Moving Express,https://rrchnm.org/essays/labor-history-on-the-world-wide-web-thoughts-on-jumping-onto-a-moving-express/,https://web.archive.org/web/20220629194223/https://rrchnm.org/essay/labor-history-on-the-world-wide-web-thoughts-on-jumping-onto-a-moving-express/#N_17_,working
Labor History on the World Wide Web: Thoughts on Jumping onto a Moving Express,https://rrchnm.org/essays/labor-history-on-the-world-wide-web-thoughts-on-jumping-onto-a-moving-express/,https://web.archive.org/web/20220629194223/https://rrchnm.org/essay/labor-history-on-the-world-wide-web-thoughts-on-jumping-onto-a-moving-express/#N_18_,working
Labor History on the World Wide Web: Thoughts on Jumping onto a Moving Express,https://rrchnm.org/essays/labor-history-on-the-world-wide-web-thoughts-on-jumping-onto-a-moving-express/,https://web.archive.org/web/20220629194223/https://rrchnm.org/essay/labor-history-on-the-world-wide-web-thoughts-on-jumping-onto-a-moving-express/#N_19_,working
Labor History on the World Wide Web: Thoughts on Jumping onto a Moving Express,https://rrchnm.org/essays/labor-history-on-the-world-wide-web-thoughts-on-jumping-onto-a-moving-express/,https://web.archive.org/web/20220629194223/https://rrchnm.org/essay/labor-history-on-the-world-wide-web-thoughts-on-jumping-onto-a-moving-express/#N_20_,working
Labor History on the World Wide Web: Thoughts on Jumping onto a Moving Express,https://rrchnm.org/essays/labor-history-on-the-world-wide-web-thoughts-on-jumping-onto-a-moving-express/,https://web.archive.org/web/20220629194223/https://rrchnm.org/essay/labor-history-on-the-world-wide-web-thoughts-on-jumping-onto-a-moving-express/#N_21_,working
Labor History on the World Wide Web: Thoughts on Jumping onto a Moving Express,https://rrchnm.org/essays/labor-history-on-the-world-wide-web-thoughts-on-jumping-onto-a-moving-express/,https://web.archive.org/web/20220629194223/https://rrchnm.org/essay/labor-history-on-the-world-wide-web-thoughts-on-jumping-onto-a-moving-express/#N_22_,working
Labor History on the World Wide Web: Thoughts on Jumping onto a Moving Express,https://rrchnm.org/essays/labor-history-on-the-world-wide-web-thoughts-on-jumping-onto-a-moving-express/,https://web.archive.org/web/20220629194223/https://rrchnm.org/essay/labor-history-on-the-world-wide-web-thoughts-on-jumping-onto-a-moving-express/#N_23_,working
Labor History on the World Wide Web: Thoughts on Jumping onto a Moving Express,https://rrchnm.org/essays/labor-history-on-the-world-wide-web-thoughts-on-jumping-onto-a-moving-express/,https://web.archive.org/web/20220629194223/https://rrchnm.org/essay/labor-history-on-the-world-wide-web-thoughts-on-jumping-onto-a-moving-express/#N_24_,working
Labor History on the World Wide Web: Thoughts on Jumping onto a Moving Express,https://rrchnm.org/essays/labor-history-on-the-world-wide-web-thoughts-on-jumping-onto-a-moving-express/,https://web.archive.org/web/20220629194223/https://rrchnm.org/essay/labor-history-on-the-world-wide-web-thoughts-on-jumping-onto-a-moving-express/#N_25_,working
Labor History on the World Wide Web: Thoughts on Jumping onto a Moving Express,https://rrchnm.org/essays/labor-history-on-the-world-wide-web-thoughts-on-jumping-onto-a-moving-express/,https://web.archive.org/web/20220629194223/https://rrchnm.org/essay/labor-history-on-the-world-wide-web-thoughts-on-jumping-onto-a-moving-express/#N_26_,working
Labor History on the World Wide Web: Thoughts on Jumping onto a Moving Express,https://rrchnm.org/essays/labor-history-on-the-world-wide-web-thoughts-on-jumping-onto-a-moving-express/,https://web.archive.org/web/20220629194223/https://rrchnm.org/essay/labor-history-on-the-world-wide-web-thoughts-on-jumping-onto-a-moving-express/#N_27_,working
Labor History on the World Wide Web: Thoughts on Jumping onto a Moving Express,https://rrchnm.org/essays/labor-history-on-the-world-wide-web-thoughts-on-jumping-onto-a-moving-express/,https://web.archive.org/web/20220629194223/https://rrchnm.org/essay/labor-history-on-the-world-wide-web-thoughts-on-jumping-onto-a-moving-express/#N_28_,working
Labor History on the World Wide Web: Thoughts on Jumping onto a Moving Express,https://rrchnm.org/essays/labor-history-on-the-world-wide-web-thoughts-on-jumping-onto-a-moving-express/,https://web.archive.org/web/20220629194223/https://rrchnm.org/essay/labor-history-on-the-world-wide-web-thoughts-on-jumping-onto-a-moving-express/#N_29_,working
Labor History on the World Wide Web: Thoughts on Jumping onto a Moving Express,https://rrchnm.org/essays/labor-history-on-the-world-wide-web-thoughts-on-jumping-onto-a-moving-express/,https://web.archive.org/web/20220629194223/https://rrchnm.org/essay/labor-history-on-the-world-wide-web-thoughts-on-jumping-onto-a-moving-express/#N_30_,working
Labor History on the World Wide Web: Thoughts on Jumping onto a Moving Express,https://rrchnm.org/essays/labor-history-on-the-world-wide-web-thoughts-on-jumping-onto-a-moving-express/,https://web.archive.org/web/20220629194223/https://rrchnm.org/essay/labor-history-on-the-world-wide-web-thoughts-on-jumping-onto-a-moving-express/#N_31_,working
Labor History on the World Wide Web: Thoughts on Jumping onto a Moving Express,https://rrchnm.org/essays/labor-history-on-the-world-wide-web-thoughts-on-jumping-onto-a-moving-express/,https://web.archive.org/web/20220629194223/https://rrchnm.org/essay/labor-history-on-the-world-wide-web-thoughts-on-jumping-onto-a-moving-express/#N_32_,working
Labor History on the World Wide Web: Thoughts on Jumping onto a Moving Express,https://rrchnm.org/essays/labor-history-on-the-world-wide-web-thoughts-on-jumping-onto-a-moving-express/,https://web.archive.org/web/20220629194223/https://rrchnm.org/essay/labor-history-on-the-world-wide-web-thoughts-on-jumping-onto-a-moving-express/#N_33_,working
Labor History on the World Wide Web: Thoughts on Jumping onto a Moving Express,https://rrchnm.org/essays/labor-history-on-the-world-wide-web-thoughts-on-jumping-onto-a-moving-express/,https://web.archive.org/web/20220629194223/https://rrchnm.org/essay/labor-history-on-the-world-wide-web-thoughts-on-jumping-onto-a-moving-express/#N_34_,working
Labor History on the World Wide Web: Thoughts on Jumping onto a Moving Express,https://rrchnm.org/essays/labor-history-on-the-world-wide-web-thoughts-on-jumping-onto-a-moving-express/,https://web.archive.org/web/20220629194223/https://rrchnm.org/essay/labor-history-on-the-world-wide-web-thoughts-on-jumping-onto-a-moving-express/#N_35_,working
Labor History on the World Wide Web: Thoughts on Jumping onto a Moving Express,https://rrchnm.org/essays/labor-history-on-the-world-wide-web-thoughts-on-jumping-onto-a-moving-express/,https://web.archive.org/web/20220629194223/https://rrchnm.org/essay/labor-history-on-the-world-wide-web-thoughts-on-jumping-onto-a-moving-express/#N_36_,working
Labor History on the World Wide Web: Thoughts on Jumping onto a Moving Express,https://rrchnm.org/essays/labor-history-on-the-world-wide-web-thoughts-on-jumping-onto-a-moving-express/,https://web.archive.org/web/20220629194223/https://rrchnm.org/essay/labor-history-on-the-world-wide-web-thoughts-on-jumping-onto-a-moving-express/#N_37_,working
Labor History on the World Wide Web: Thoughts on Jumping onto a Moving Express,https://rrchnm.org/essays/labor-history-on-the-world-wide-web-thoughts-on-jumping-onto-a-moving-express/,https://web.archive.org/web/20220629194223/https://rrchnm.org/essay/labor-history-on-the-world-wide-web-thoughts-on-jumping-onto-a-moving-express/#N_38_,working
Labor History on the World Wide Web: Thoughts on Jumping onto a Moving Express,https://rrchnm.org/essays/labor-history-on-the-world-wide-web-thoughts-on-jumping-onto-a-moving-express/,https://web.archive.org/web/20220629194223/https://rrchnm.org/essay/labor-history-on-the-world-wide-web-thoughts-on-jumping-onto-a-moving-express/#N_39_,working
Labor History on the World Wide Web: Thoughts on Jumping onto a Moving Express,https://rrchnm.org/essays/labor-history-on-the-world-wide-web-thoughts-on-jumping-onto-a-moving-express/,https://web.archive.org/web/20220629194223/https://rrchnm.org/essay/labor-history-on-the-world-wide-web-thoughts-on-jumping-onto-a-moving-express/#N_40_,working
Labor History on the World Wide Web: Thoughts on Jumping onto a Moving Express,https://rrchnm.org/essays/labor-history-on-the-world-wide-web-thoughts-on-jumping-onto-a-moving-express/,https://web.archive.org/web/20220629194223/https://rrchnm.org/essay/labor-history-on-the-world-wide-web-thoughts-on-jumping-onto-a-moving-express/#N_41_,working
Labor History on the World Wide Web: Thoughts on Jumping onto a Moving Express,https://rrchnm.org/essays/labor-history-on-the-world-wide-web-thoughts-on-jumping-onto-a-moving-express/,https://web.archive.org/web/20220629194223/https://rrchnm.org/essay/labor-history-on-the-world-wide-web-thoughts-on-jumping-onto-a-moving-express/#N_42_,working
Labor History on the World Wide Web: Thoughts on Jumping onto a Moving Express,https://rrchnm.org/essays/labor-history-on-the-world-wide-web-thoughts-on-jumping-onto-a-moving-express/,https://web.archive.org/web/20220629194223/https://rrchnm.org/essay/labor-history-on-the-world-wide-web-thoughts-on-jumping-onto-a-moving-express/#N_43_,working
Labor History on the World Wide Web: Thoughts on Jumping onto a Moving Express,https://rrchnm.org/essays/labor-history-on-the-world-wide-web-thoughts-on-jumping-onto-a-moving-express/,https://web.archive.org/web/20220629194223/https://rrchnm.org/essay/labor-history-on-the-world-wide-web-thoughts-on-jumping-onto-a-moving-express/#N_44_,working
Labor History on the World Wide Web: Thoughts on Jumping onto a Moving Express,https://rrchnm.org/essays/labor-history-on-the-world-wide-web-thoughts-on-jumping-onto-a-moving-express/,https://web.archive.org/web/20220629194223/https://rrchnm.org/essay/labor-history-on-the-world-wide-web-thoughts-on-jumping-onto-a-moving-express/#N_45_,working
Labor History on the World Wide Web: Thoughts on Jumping onto a Moving Express,https://rrchnm.org/essays/labor-history-on-the-world-wide-web-thoughts-on-jumping-onto-a-moving-express/,https://web.archive.org/web/20220629194223/https://rrchnm.org/essay/labor-history-on-the-world-wide-web-thoughts-on-jumping-onto-a-moving-express/#N_46_,working
Labor History on the World Wide Web: Thoughts on Jumping onto a Moving Express,https://rrchnm.org/essays/labor-history-on-the-world-wide-web-thoughts-on-jumping-onto-a-moving-express/,https://web.archive.org/web/20220629194223/https://rrchnm.org/essay/labor-history-on-the-world-wide-web-thoughts-on-jumping-onto-a-moving-express/#N_47_,working
Labor History on the World Wide Web: Thoughts on Jumping onto a Moving Express,https://rrchnm.org/essays/labor-history-on-the-world-wide-web-thoughts-on-jumping-onto-a-moving-express/,https://web.archive.org/web/20220629194223/https://rrchnm.org/essay/labor-history-on-the-world-wide-web-thoughts-on-jumping-onto-a-moving-express/#N_48_,working
Labor History on the World Wide Web: Thoughts on Jumping onto a Moving Express,https://rrchnm.org/essays/labor-history-on-the-world-wide-web-thoughts-on-jumping-onto-a-moving-express/,https://web.archive.org/web/20220629194223/https://rrchnm.org/essay/labor-history-on-the-world-wide-web-thoughts-on-jumping-onto-a-moving-express/#N_49_,working
Labor History on the World Wide Web: Thoughts on Jumping onto a Moving Express,https://rrchnm.org/essays/labor-history-on-the-world-wide-web-thoughts-on-jumping-onto-a-moving-express/,https://web.archive.org/web/20220629194223/https://rrchnm.org/essay/labor-history-on-the-world-wide-web-thoughts-on-jumping-onto-a-moving-express/#ref1,working
Labor History on the World Wide Web: Thoughts on Jumping onto a Moving Express,https://rrchnm.org/essays/labor-history-on-the-world-wide-web-thoughts-on-jumping-onto-a-moving-express/,https://web.archive.org/web/20220629194223/https://rrchnm.org/essay/labor-history-on-the-world-wide-web-thoughts-on-jumping-onto-a-moving-express/#ref2,working
Labor History on the World Wide Web: Thoughts on Jumping onto a Moving Express,https://rrchnm.org/essays/labor-history-on-the-world-wide-web-thoughts-on-jumping-onto-a-moving-express/,https://web.archive.org/web/20220629194223/https://rrchnm.org/essay/labor-history-on-the-world-wide-web-thoughts-on-jumping-onto-a-moving-express/#ref3,working
Labor History on the World Wide Web: Thoughts on Jumping onto a Moving Express,https://rrchnm.org/essays/labor-history-on-the-world-wide-web-thoughts-on-jumping-onto-a-moving-express/,https://web.archive.org/web/20220629194223/https://rrchnm.org/essay/labor-history-on-the-world-wide-web-thoughts-on-jumping-onto-a-moving-express/#ref4,working
Labor History on the World Wide Web: Thoughts on Jumping onto a Moving Express,https://rrchnm.org/essays/labor-history-on-the-world-wide-web-thoughts-on-jumping-onto-a-moving-express/,https://web.archive.org/web/20220629194223/http://lcweb2.loc.gov/ammem/ammemhome.html,working
Labor History on the World Wide Web: Thoughts on Jumping onto a Moving Express,https://rrchnm.org/essays/labor-history-on-the-world-wide-web-thoughts-on-jumping-onto-a-moving-express/,https://web.archive.org/web/20220629194223/https://rrchnm.org/essay/labor-history-on-the-world-wide-web-thoughts-on-jumping-onto-a-moving-express/#ref5,working
Labor History on the World Wide Web: Thoughts on Jumping onto a Moving Express,https://rrchnm.org/essays/labor-history-on-the-world-wide-web-thoughts-on-jumping-onto-a-moving-express/,https://web.archive.org/web/20220629194223/https://rrchnm.org/essay/labor-history-on-the-world-wide-web-thoughts-on-jumping-onto-a-moving-express/#ref6,working
Labor History on the World Wide Web: Thoughts on Jumping onto a Moving Express,https://rrchnm.org/essays/labor-history-on-the-world-wide-web-thoughts-on-jumping-onto-a-moving-express/,https://web.archive.org/web/20220629194223/http://www.umi.com/products/pd-product-gerritsen.shtml,status code: 404
Labor History on the World Wide Web: Thoughts on Jumping onto a Moving Express,https://rrchnm.org/essays/labor-history-on-the-world-wide-web-thoughts-on-jumping-onto-a-moving-express/,https://web.archive.org/web/20220629194223/http://www.alexanderst.com/product.sheets/product.sheet.nwld.htm,status code: 404
Labor History on the World Wide Web: Thoughts on Jumping onto a Moving Express,https://rrchnm.org/essays/labor-history-on-the-world-wide-web-thoughts-on-jumping-onto-a-moving-express/,https://web.archive.org/web/20220629194223/https://rrchnm.org/essay/labor-history-on-the-world-wide-web-thoughts-on-jumping-onto-a-moving-express/#ref7,working
Labor History on the World Wide Web: Thoughts on Jumping onto a Moving Express,https://rrchnm.org/essays/labor-history-on-the-world-wide-web-thoughts-on-jumping-onto-a-moving-express/,https://web.archive.org/web/20220629194223/http://historymatters.gmu.edu/,working
Labor History on the World Wide Web: Thoughts on Jumping onto a Moving Express,https://rrchnm.org/essays/labor-history-on-the-world-wide-web-thoughts-on-jumping-onto-a-moving-express/,https://web.archive.org/web/20220629194223/http://vlib.org/,working
Labor History on the World Wide Web: Thoughts on Jumping onto a Moving Express,https://rrchnm.org/essays/labor-history-on-the-world-wide-web-thoughts-on-jumping-onto-a-moving-express/,https://web.archive.org/web/20220629194223/http://www.iisg.nl/~w3vl/,working
Labor History on the World Wide Web: Thoughts on Jumping onto a Moving Express,https://rrchnm.org/essays/labor-history-on-the-world-wide-web-thoughts-on-jumping-onto-a-moving-express/,https://web.archive.org/web/20220629194223/http://www.geocities.com/m_lause.geo/AmLabHist/VL.html,working
Labor History on the World Wide Web: Thoughts on Jumping onto a Moving Express,https://rrchnm.org/essays/labor-history-on-the-world-wide-web-thoughts-on-jumping-onto-a-moving-express/,https://web.archive.org/web/20220629194223/https://rrchnm.org/essay/labor-history-on-the-world-wide-web-thoughts-on-jumping-onto-a-moving-express/#ref8,working
Labor History on the World Wide Web: Thoughts on Jumping onto a Moving Express,https://rrchnm.org/essays/labor-history-on-the-world-wide-web-thoughts-on-jumping-onto-a-moving-express/,https://web.archive.org/web/20220629194223/http://newdeal.feri.org/,working
Labor History on the World Wide Web: Thoughts on Jumping onto a Moving Express,https://rrchnm.org/essays/labor-history-on-the-world-wide-web-thoughts-on-jumping-onto-a-moving-express/,https://web.archive.org/web/20220629194223/http://www.chicagohistory.org/dramas/overview/over.htm,status code: 404
Labor History on the World Wide Web: Thoughts on Jumping onto a Moving Express,https://rrchnm.org/essays/labor-history-on-the-world-wide-web-thoughts-on-jumping-onto-a-moving-express/,https://web.archive.org/web/20220629194223/https://rrchnm.org/essay/labor-history-on-the-world-wide-web-thoughts-on-jumping-onto-a-moving-express/#ref9,working
Labor History on the World Wide Web: Thoughts on Jumping onto a Moving Express,https://rrchnm.org/essays/labor-history-on-the-world-wide-web-thoughts-on-jumping-onto-a-moving-express/,https://web.archive.org/web/20220629194223/http://www.gilderlehrman.org/,working
Labor History on the World Wide Web: Thoughts on Jumping onto a Moving Express,https://rrchnm.org/essays/labor-history-on-the-world-wide-web-thoughts-on-jumping-onto-a-moving-express/,https://web.archive.org/web/20220629194223/http://www.yale.edu/glc/,working
Labor History on the World Wide Web: Thoughts on Jumping onto a Moving Express,https://rrchnm.org/essays/labor-history-on-the-world-wide-web-thoughts-on-jumping-onto-a-moving-express/,https://web.archive.org/web/20220629194223/https://rrchnm.org/essay/labor-history-on-the-world-wide-web-thoughts-on-jumping-onto-a-moving-express/#ref10,working
Labor History on the World Wide Web: Thoughts on Jumping onto a Moving Express,https://rrchnm.org/essays/labor-history-on-the-world-wide-web-thoughts-on-jumping-onto-a-moving-express/,https://web.archive.org/web/20220629194223/http://www.albany.edu/history/history316/his316f2000.html,working
Labor History on the World Wide Web: Thoughts on Jumping onto a Moving Express,https://rrchnm.org/essays/labor-history-on-the-world-wide-web-thoughts-on-jumping-onto-a-moving-express/,https://web.archive.org/web/20220629194223/https://rrchnm.org/essay/labor-history-on-the-world-wide-web-thoughts-on-jumping-onto-a-moving-express/#ref11,working
Labor History on the World Wide Web: Thoughts on Jumping onto a Moving Express,https://rrchnm.org/essays/labor-history-on-the-world-wide-web-thoughts-on-jumping-onto-a-moving-express/,https://web.archive.org/web/20220629194223/http://www.albany.edu/history/LaborAudio/index.html,status code: 404
Labor History on the World Wide Web: Thoughts on Jumping onto a Moving Express,https://rrchnm.org/essays/labor-history-on-the-world-wide-web-thoughts-on-jumping-onto-a-moving-express/,https://web.archive.org/web/20220629194223/http://www.talkinghistory.org/,working
Labor History on the World Wide Web: Thoughts on Jumping onto a Moving Express,https://rrchnm.org/essays/labor-history-on-the-world-wide-web-thoughts-on-jumping-onto-a-moving-express/,https://web.archive.org/web/20220629194223/https://rrchnm.org/essay/labor-history-on-the-world-wide-web-thoughts-on-jumping-onto-a-moving-express/#ref12,working
Labor History on the World Wide Web: Thoughts on Jumping onto a Moving Express,https://rrchnm.org/essays/labor-history-on-the-world-wide-web-thoughts-on-jumping-onto-a-moving-express/,https://web.archive.org/web/20220629194223/http://www.albany.edu/jmmh,working
Labor History on the World Wide Web: Thoughts on Jumping onto a Moving Express,https://rrchnm.org/essays/labor-history-on-the-world-wide-web-thoughts-on-jumping-onto-a-moving-express/,https://web.archive.org/web/20220629194223/https://rrchnm.org/essay/labor-history-on-the-world-wide-web-thoughts-on-jumping-onto-a-moving-express/#ref13,working
Labor History on the World Wide Web: Thoughts on Jumping onto a Moving Express,https://rrchnm.org/essays/labor-history-on-the-world-wide-web-thoughts-on-jumping-onto-a-moving-express/,https://web.archive.org/web/20220629194223/http://www.albany.edu/history/ej,status code: 404
Labor History on the World Wide Web: Thoughts on Jumping onto a Moving Express,https://rrchnm.org/essays/labor-history-on-the-world-wide-web-thoughts-on-jumping-onto-a-moving-express/,https://web.archive.org/web/20220629194223/http://www.albany.edu/history/glovers,working
Labor History on the World Wide Web: Thoughts on Jumping onto a Moving Express,https://rrchnm.org/essays/labor-history-on-the-world-wide-web-thoughts-on-jumping-onto-a-moving-express/,https://web.archive.org/web/20220629194223/https://rrchnm.org/essay/labor-history-on-the-world-wide-web-thoughts-on-jumping-onto-a-moving-express/#ref14,working
Labor History on the World Wide Web: Thoughts on Jumping onto a Moving Express,https://rrchnm.org/essays/labor-history-on-the-world-wide-web-thoughts-on-jumping-onto-a-moving-express/,https://web.archive.org/web/20220629194223/http://newdeal.feri.org/,working
Labor History on the World Wide Web: Thoughts on Jumping onto a Moving Express,https://rrchnm.org/essays/labor-history-on-the-world-wide-web-thoughts-on-jumping-onto-a-moving-express/,https://web.archive.org/web/20220629194223/https://rrchnm.org/essay/labor-history-on-the-world-wide-web-thoughts-on-jumping-onto-a-moving-express/#ref15,working
Labor History on the World Wide Web: Thoughts on Jumping onto a Moving Express,https://rrchnm.org/essays/labor-history-on-the-world-wide-web-thoughts-on-jumping-onto-a-moving-express/,https://web.archive.org/web/20220629194223/http://newdeal.feri.org/laborbib/index.htm,working
Labor History on the World Wide Web: Thoughts on Jumping onto a Moving Express,https://rrchnm.org/essays/labor-history-on-the-world-wide-web-thoughts-on-jumping-onto-a-moving-express/,https://web.archive.org/web/20220629194223/https://rrchnm.org/essay/labor-history-on-the-world-wide-web-thoughts-on-jumping-onto-a-moving-express/#ref16,working
Labor History on the World Wide Web: Thoughts on Jumping onto a Moving Express,https://rrchnm.org/essays/labor-history-on-the-world-wide-web-thoughts-on-jumping-onto-a-moving-express/,https://web.archive.org/web/20220629194223/http://www.chicagohistory.org/hadc/index.html,status code: 404
Labor History on the World Wide Web: Thoughts on Jumping onto a Moving Express,https://rrchnm.org/essays/labor-history-on-the-world-wide-web-thoughts-on-jumping-onto-a-moving-express/,https://web.archive.org/web/20220629194223/https://rrchnm.org/essay/labor-history-on-the-world-wide-web-thoughts-on-jumping-onto-a-moving-express/#ref17,working
Labor History on the World Wide Web: Thoughts on Jumping onto a Moving Express,https://rrchnm.org/essays/labor-history-on-the-world-wide-web-thoughts-on-jumping-onto-a-moving-express/,https://web.archive.org/web/20220629194223/http://womhist.binghamton.edu/shirt/doclist.htm,working
Labor History on the World Wide Web: Thoughts on Jumping onto a Moving Express,https://rrchnm.org/essays/labor-history-on-the-world-wide-web-thoughts-on-jumping-onto-a-moving-express/,https://web.archive.org/web/20220629194223/http://womhist.binghamton.edu/,working
Labor History on the World Wide Web: Thoughts on Jumping onto a Moving Express,https://rrchnm.org/essays/labor-history-on-the-world-wide-web-thoughts-on-jumping-onto-a-moving-express/,https://web.archive.org/web/20220629194223/https://rrchnm.org/essay/labor-history-on-the-world-wide-web-thoughts-on-jumping-onto-a-moving-express/#ref18,"error: HTTPSConnectionPool(host='web.archive.org', port=443): Max retries exceeded with url: /web/20220629194223/https://rrchnm.org/essay/labor-history-on-the-world-wide-web-thoughts-on-jumping-onto-a-moving-express/ (Caused by NewConnectionError('<urllib3.connection.HTTPSConnection object at 0x0000026D6E079550>: Failed to establish a new connection: [WinError 10061] No connection could be made because the target machine actively refused it'))"
Labor History on the World Wide Web: Thoughts on Jumping onto a Moving Express,https://rrchnm.org/essays/labor-history-on-the-world-wide-web-thoughts-on-jumping-onto-a-moving-express/,https://web.archive.org/web/20220629194223/http://womhist.binghamton.edu/links/mainlink.htm,"error: HTTPSConnectionPool(host='web.archive.org', port=443): Max retries exceeded with url: /web/20220629194223/http://womhist.binghamton.edu/links/mainlink.htm (Caused by NewConnectionError('<urllib3.connection.HTTPSConnection object at 0x0000026D6E09FD10>: Failed to establish a new connection: [WinError 10061] No connection could be made because the target machine actively refused it'))"
Labor History on the World Wide Web: Thoughts on Jumping onto a Moving Express,https://rrchnm.org/essays/labor-history-on-the-world-wide-web-thoughts-on-jumping-onto-a-moving-express/,https://web.archive.org/web/20220629194223/https://rrchnm.org/essay/labor-history-on-the-world-wide-web-thoughts-on-jumping-onto-a-moving-express/#ref19,"error: HTTPSConnectionPool(host='web.archive.org', port=443): Max retries exceeded with url: /web/20220629194223/https://rrchnm.org/essay/labor-history-on-the-world-wide-web-thoughts-on-jumping-onto-a-moving-express/ (Caused by ConnectTimeoutError(<urllib3.connection.HTTPSConnection object at 0x0000026D6C52AB50>, 'Connection to web.archive.org timed out. (connect timeout=None)'))"
Labor History on the World Wide Web: Thoughts on Jumping onto a Moving Express,https://rrchnm.org/essays/labor-history-on-the-world-wide-web-thoughts-on-jumping-onto-a-moving-express/,https://web.archive.org/web/20220629194223/http://sunsite.berkeley.edu/Goldman/,working
Labor History on the World Wide Web: Thoughts on Jumping onto a Moving Express,https://rrchnm.org/essays/labor-history-on-the-world-wide-web-thoughts-on-jumping-onto-a-moving-express/,https://web.archive.org/web/20220629194223/https://rrchnm.org/essay/labor-history-on-the-world-wide-web-thoughts-on-jumping-onto-a-moving-express/#ref20,working
Labor History on the World Wide Web: Thoughts on Jumping onto a Moving Express,https://rrchnm.org/essays/labor-history-on-the-world-wide-web-thoughts-on-jumping-onto-a-moving-express/,https://web.archive.org/web/20220629194223/http://www.historyplace.com/unitedstates/childlabor/index.html,working
Labor History on the World Wide Web: Thoughts on Jumping onto a Moving Express,https://rrchnm.org/essays/labor-history-on-the-world-wide-web-thoughts-on-jumping-onto-a-moving-express/,https://web.archive.org/web/20220629194223/http://www.historyplace.com/unitedstates/lange/index.html,working
Labor History on the World Wide Web: Thoughts on Jumping onto a Moving Express,https://rrchnm.org/essays/labor-history-on-the-world-wide-web-thoughts-on-jumping-onto-a-moving-express/,https://web.archive.org/web/20220629194223/https://rrchnm.org/essay/labor-history-on-the-world-wide-web-thoughts-on-jumping-onto-a-moving-express/#ref21,working
Labor History on the World Wide Web: Thoughts on Jumping onto a Moving Express,https://rrchnm.org/essays/labor-history-on-the-world-wide-web-thoughts-on-jumping-onto-a-moving-express/,https://web.archive.org/web/20220629194223/http://digital.library.arizona.edu/bisbee/index.php,status code: 404
Labor History on the World Wide Web: Thoughts on Jumping onto a Moving Express,https://rrchnm.org/essays/labor-history-on-the-world-wide-web-thoughts-on-jumping-onto-a-moving-express/,https://web.archive.org/web/20220629194223/https://rrchnm.org/essay/labor-history-on-the-world-wide-web-thoughts-on-jumping-onto-a-moving-express/#ref22,working
Labor History on the World Wide Web: Thoughts on Jumping onto a Moving Express,https://rrchnm.org/essays/labor-history-on-the-world-wide-web-thoughts-on-jumping-onto-a-moving-express/,https://web.archive.org/web/20220629194223/http://www.ibiblio.org/sohp/,working
Labor History on the World Wide Web: Thoughts on Jumping onto a Moving Express,https://rrchnm.org/essays/labor-history-on-the-world-wide-web-thoughts-on-jumping-onto-a-moving-express/,https://web.archive.org/web/20220629194223/https://rrchnm.org/essay/labor-history-on-the-world-wide-web-thoughts-on-jumping-onto-a-moving-express/#ref23,working
Labor History on the World Wide Web: Thoughts on Jumping onto a Moving Express,https://rrchnm.org/essays/labor-history-on-the-world-wide-web-thoughts-on-jumping-onto-a-moving-express/,https://web.archive.org/web/20220629194223/http://www.geocities.com/CapitolHill/5202/labhistindex.htm,status code: 502
Labor History on the World Wide Web: Thoughts on Jumping onto a Moving Express,https://rrchnm.org/essays/labor-history-on-the-world-wide-web-thoughts-on-jumping-onto-a-moving-express/,https://web.archive.org/web/20220629194223/http://www.geocities.com/CapitolHill/5202/GenStrike.htm,status code: 400
Labor History on the World Wide Web: Thoughts on Jumping onto a Moving Express,https://rrchnm.org/essays/labor-history-on-the-world-wide-web-thoughts-on-jumping-onto-a-moving-express/,https://web.archive.org/web/20220629194223/http://faculty.washington.edu/gregoryj/strike/,status code: 404
Labor History on the World Wide Web: Thoughts on Jumping onto a Moving Express,https://rrchnm.org/essays/labor-history-on-the-world-wide-web-thoughts-on-jumping-onto-a-moving-express/,https://web.archive.org/web/20220629194223/http://collections.ic.gc.ca/E/index.php,working
Labor History on the World Wide Web: Thoughts on Jumping onto a Moving Express,https://rrchnm.org/essays/labor-history-on-the-world-wide-web-thoughts-on-jumping-onto-a-moving-express/,https://web.archive.org/web/20220629194223/https://rrchnm.org/essay/labor-history-on-the-world-wide-web-thoughts-on-jumping-onto-a-moving-express/#ref24,working
Labor History on the World Wide Web: Thoughts on Jumping onto a Moving Express,https://rrchnm.org/essays/labor-history-on-the-world-wide-web-thoughts-on-jumping-onto-a-moving-express/,https://web.archive.org/web/20220629194223/http://lanic.utexas.edu/la/region/labor,working
Labor History on the World Wide Web: Thoughts on Jumping onto a Moving Express,https://rrchnm.org/essays/labor-history-on-the-world-wide-web-thoughts-on-jumping-onto-a-moving-express/,https://web.archive.org/web/20220629194223/https://rrchnm.org/essay/labor-history-on-the-world-wide-web-thoughts-on-jumping-onto-a-moving-express/#ref25,working
Labor History on the World Wide Web: Thoughts on Jumping onto a Moving Express,https://rrchnm.org/essays/labor-history-on-the-world-wide-web-thoughts-on-jumping-onto-a-moving-express/,https://web.archive.org/web/20220629194223/http://geocities.com/CapitolHill/2539/english/2_luttes/p12.htm,working
Labor History on the World Wide Web: Thoughts on Jumping onto a Moving Express,https://rrchnm.org/essays/labor-history-on-the-world-wide-web-thoughts-on-jumping-onto-a-moving-express/,https://web.archive.org/web/20220629194223/http://www.sweatshopwatch.org/swatch/industry,working
Labor History on the World Wide Web: Thoughts on Jumping onto a Moving Express,https://rrchnm.org/essays/labor-history-on-the-world-wide-web-thoughts-on-jumping-onto-a-moving-express/,https://web.archive.org/web/20220629194223/http://www.uniteunion.org/,working
Labor History on the World Wide Web: Thoughts on Jumping onto a Moving Express,https://rrchnm.org/essays/labor-history-on-the-world-wide-web-thoughts-on-jumping-onto-a-moving-express/,https://web.archive.org/web/20220629194223/http://www.farmworkers.org/benglish.html,working
Labor History on the World Wide Web: Thoughts on Jumping onto a Moving Express,https://rrchnm.org/essays/labor-history-on-the-world-wide-web-thoughts-on-jumping-onto-a-moving-express/,https://web.archive.org/web/20220629194223/http://www.sweatmag.org/,working
Labor History on the World Wide Web: Thoughts on Jumping onto a Moving Express,https://rrchnm.org/essays/labor-history-on-the-world-wide-web-thoughts-on-jumping-onto-a-moving-express/,https://web.archive.org/web/20220629194223/https://rrchnm.org/essay/labor-history-on-the-world-wide-web-thoughts-on-jumping-onto-a-moving-express/#ref26,working
Labor History on the World Wide Web: Thoughts on Jumping onto a Moving Express,https://rrchnm.org/essays/labor-history-on-the-world-wide-web-thoughts-on-jumping-onto-a-moving-express/,https://web.archive.org/web/20220629194223/http://www.as.ysu.edu/~cwcs/,working
Labor History on the World Wide Web: Thoughts on Jumping onto a Moving Express,https://rrchnm.org/essays/labor-history-on-the-world-wide-web-thoughts-on-jumping-onto-a-moving-express/,https://web.archive.org/web/20220629194223/http://naples.cc.sunysb.edu/CAS/wcm.nsf,status code: 404
Labor History on the World Wide Web: Thoughts on Jumping onto a Moving Express,https://rrchnm.org/essays/labor-history-on-the-world-wide-web-thoughts-on-jumping-onto-a-moving-express/,https://web.archive.org/web/20220629194223/https://rrchnm.org/essay/labor-history-on-the-world-wide-web-thoughts-on-jumping-onto-a-moving-express/#ref27,working
Labor History on the World Wide Web: Thoughts on Jumping onto a Moving Express,https://rrchnm.org/essays/labor-history-on-the-world-wide-web-thoughts-on-jumping-onto-a-moving-express/,https://web.archive.org/web/20220629194223/https://rrchnm.org/essay/labor-history-on-the-world-wide-web-thoughts-on-jumping-onto-a-moving-express/#ref28,working
Labor History on the World Wide Web: Thoughts on Jumping onto a Moving Express,https://rrchnm.org/essays/labor-history-on-the-world-wide-web-thoughts-on-jumping-onto-a-moving-express/,https://web.archive.org/web/20220629194223/http://www.laborarts.org/,working
Labor History on the World Wide Web: Thoughts on Jumping onto a Moving Express,https://rrchnm.org/essays/labor-history-on-the-world-wide-web-thoughts-on-jumping-onto-a-moving-express/,https://web.archive.org/web/20220629194223/https://rrchnm.org/essay/labor-history-on-the-world-wide-web-thoughts-on-jumping-onto-a-moving-express/#ref29,working
Labor History on the World Wide Web: Thoughts on Jumping onto a Moving Express,https://rrchnm.org/essays/labor-history-on-the-world-wide-web-thoughts-on-jumping-onto-a-moving-express/,https://web.archive.org/web/20220629194223/https://rrchnm.org/essay/labor-history-on-the-world-wide-web-thoughts-on-jumping-onto-a-moving-express/#ref30,working
Labor History on the World Wide Web: Thoughts on Jumping onto a Moving Express,https://rrchnm.org/essays/labor-history-on-the-world-wide-web-thoughts-on-jumping-onto-a-moving-express/,https://web.archive.org/web/20220629194223/http://www.georgemeany.org/archives/home.html,working
Labor History on the World Wide Web: Thoughts on Jumping onto a Moving Express,https://rrchnm.org/essays/labor-history-on-the-world-wide-web-thoughts-on-jumping-onto-a-moving-express/,https://web.archive.org/web/20220629194223/https://rrchnm.org/essay/labor-history-on-the-world-wide-web-thoughts-on-jumping-onto-a-moving-express/#ref31,working
Labor History on the World Wide Web: Thoughts on Jumping onto a Moving Express,https://rrchnm.org/essays/labor-history-on-the-world-wide-web-thoughts-on-jumping-onto-a-moving-express/,https://web.archive.org/web/20220629194223/http://www.georgemeany.org/archives/apr.html,working
Labor History on the World Wide Web: Thoughts on Jumping onto a Moving Express,https://rrchnm.org/essays/labor-history-on-the-world-wide-web-thoughts-on-jumping-onto-a-moving-express/,https://web.archive.org/web/20220629194223/https://rrchnm.org/essay/labor-history-on-the-world-wide-web-thoughts-on-jumping-onto-a-moving-express/#ref32,working
Labor History on the World Wide Web: Thoughts on Jumping onto a Moving Express,https://rrchnm.org/essays/labor-history-on-the-world-wide-web-thoughts-on-jumping-onto-a-moving-express/,https://web.archive.org/web/20220629194223/http://www.uniteunion.org/,working
Labor History on the World Wide Web: Thoughts on Jumping onto a Moving Express,https://rrchnm.org/essays/labor-history-on-the-world-wide-web-thoughts-on-jumping-onto-a-moving-express/,https://web.archive.org/web/20220629194223/https://rrchnm.org/essay/labor-history-on-the-world-wide-web-thoughts-on-jumping-onto-a-moving-express/#ref33,working
Labor History on the World Wide Web: Thoughts on Jumping onto a Moving Express,https://rrchnm.org/essays/labor-history-on-the-world-wide-web-thoughts-on-jumping-onto-a-moving-express/,https://web.archive.org/web/20220629194223/http://www.nyu.edu/library/bobst/research/tam/,working
Labor History on the World Wide Web: Thoughts on Jumping onto a Moving Express,https://rrchnm.org/essays/labor-history-on-the-world-wide-web-thoughts-on-jumping-onto-a-moving-express/,https://web.archive.org/web/20220629194223/https://rrchnm.org/essay/labor-history-on-the-world-wide-web-thoughts-on-jumping-onto-a-moving-express/#ref34,working
Labor History on the World Wide Web: Thoughts on Jumping onto a Moving Express,https://rrchnm.org/essays/labor-history-on-the-world-wide-web-thoughts-on-jumping-onto-a-moving-express/,https://web.archive.org/web/20220629194223/http://www.ilr.cornell.edu/library/kheel/,working
Labor History on the World Wide Web: Thoughts on Jumping onto a Moving Express,https://rrchnm.org/essays/labor-history-on-the-world-wide-web-thoughts-on-jumping-onto-a-moving-express/,https://web.archive.org/web/20220629194223/http://depts.washington.edu/pcls/,working
Labor History on the World Wide Web: Thoughts on Jumping onto a Moving Express,https://rrchnm.org/essays/labor-history-on-the-world-wide-web-thoughts-on-jumping-onto-a-moving-express/,https://web.archive.org/web/20220629194223/http://www.reuther.wayne.edu/,working
Labor History on the World Wide Web: Thoughts on Jumping onto a Moving Express,https://rrchnm.org/essays/labor-history-on-the-world-wide-web-thoughts-on-jumping-onto-a-moving-express/,https://web.archive.org/web/20220629194223/https://rrchnm.org/essay/labor-history-on-the-world-wide-web-thoughts-on-jumping-onto-a-moving-express/#ref35,working
Labor History on the World Wide Web: Thoughts on Jumping onto a Moving Express,https://rrchnm.org/essays/labor-history-on-the-world-wide-web-thoughts-on-jumping-onto-a-moving-express/,https://web.archive.org/web/20220629194223/http://www.eugenevdebs.com/index.htm,working
Labor History on the World Wide Web: Thoughts on Jumping onto a Moving Express,https://rrchnm.org/essays/labor-history-on-the-world-wide-web-thoughts-on-jumping-onto-a-moving-express/,https://web.archive.org/web/20220629194223/https://rrchnm.org/essay/labor-history-on-the-world-wide-web-thoughts-on-jumping-onto-a-moving-express/#ref36,working
Labor History on the World Wide Web: Thoughts on Jumping onto a Moving Express,https://rrchnm.org/essays/labor-history-on-the-world-wide-web-thoughts-on-jumping-onto-a-moving-express/,https://web.archive.org/web/20220629194223/http://www.civilization.ca/hist/labour/lab01e.html,working
Labor History on the World Wide Web: Thoughts on Jumping onto a Moving Express,https://rrchnm.org/essays/labor-history-on-the-world-wide-web-thoughts-on-jumping-onto-a-moving-express/,https://web.archive.org/web/20220629194223/https://rrchnm.org/essay/labor-history-on-the-world-wide-web-thoughts-on-jumping-onto-a-moving-express/#ref37,working
Labor History on the World Wide Web: Thoughts on Jumping onto a Moving Express,https://rrchnm.org/essays/labor-history-on-the-world-wide-web-thoughts-on-jumping-onto-a-moving-express/,https://web.archive.org/web/20220629194223/http://americanhistory.si.edu/sweatshops/,working
Labor History on the World Wide Web: Thoughts on Jumping onto a Moving Express,https://rrchnm.org/essays/labor-history-on-the-world-wide-web-thoughts-on-jumping-onto-a-moving-express/,https://web.archive.org/web/20220629194223/https://rrchnm.org/essay/labor-history-on-the-world-wide-web-thoughts-on-jumping-onto-a-moving-express/#ref38,working
Labor History on the World Wide Web: Thoughts on Jumping onto a Moving Express,https://rrchnm.org/essays/labor-history-on-the-world-wide-web-thoughts-on-jumping-onto-a-moving-express/,https://web.archive.org/web/20220629194223/http://memory.loc.gov/ammem/fsowhome.html,working
Labor History on the World Wide Web: Thoughts on Jumping onto a Moving Express,https://rrchnm.org/essays/labor-history-on-the-world-wide-web-thoughts-on-jumping-onto-a-moving-express/,https://web.archive.org/web/20220629194223/http://memory.loc.gov/ammem/afctshtml/tshome.html,working
Labor History on the World Wide Web: Thoughts on Jumping onto a Moving Express,https://rrchnm.org/essays/labor-history-on-the-world-wide-web-thoughts-on-jumping-onto-a-moving-express/,https://web.archive.org/web/20220629194223/http://www.archives.gov/exhibit_hall/new_deal_for_the_arts/index.html,working
Labor History on the World Wide Web: Thoughts on Jumping onto a Moving Express,https://rrchnm.org/essays/labor-history-on-the-world-wide-web-thoughts-on-jumping-onto-a-moving-express/,https://web.archive.org/web/20220629194223/http://memory.loc.gov/ammem/wpaintro/wpahome.html,working
Labor History on the World Wide Web: Thoughts on Jumping onto a Moving Express,https://rrchnm.org/essays/labor-history-on-the-world-wide-web-thoughts-on-jumping-onto-a-moving-express/,https://web.archive.org/web/20220629194223/https://rrchnm.org/essay/labor-history-on-the-world-wide-web-thoughts-on-jumping-onto-a-moving-express/#ref39,working
Labor History on the World Wide Web: Thoughts on Jumping onto a Moving Express,https://rrchnm.org/essays/labor-history-on-the-world-wide-web-thoughts-on-jumping-onto-a-moving-express/,https://web.archive.org/web/20220629194223/https://rrchnm.org/essay/labor-history-on-the-world-wide-web-thoughts-on-jumping-onto-a-moving-express/#ref40,working
Labor History on the World Wide Web: Thoughts on Jumping onto a Moving Express,https://rrchnm.org/essays/labor-history-on-the-world-wide-web-thoughts-on-jumping-onto-a-moving-express/,https://web.archive.org/web/20220629194223/https://rrchnm.org/essay/labor-history-on-the-world-wide-web-thoughts-on-jumping-onto-a-moving-express/#ref41,working
Labor History on the World Wide Web: Thoughts on Jumping onto a Moving Express,https://rrchnm.org/essays/labor-history-on-the-world-wide-web-thoughts-on-jumping-onto-a-moving-express/,https://web.archive.org/web/20220629194223/http://www.ecn.bris.ac.uk/het/commons/institutional.txt,status code: 404
Labor History on the World Wide Web: Thoughts on Jumping onto a Moving Express,https://rrchnm.org/essays/labor-history-on-the-world-wide-web-thoughts-on-jumping-onto-a-moving-express/,https://web.archive.org/web/20220629194223/http://memory.loc.gov/ammem/umhtml/umhome.html,working
Labor History on the World Wide Web: Thoughts on Jumping onto a Moving Express,https://rrchnm.org/essays/labor-history-on-the-world-wide-web-thoughts-on-jumping-onto-a-moving-express/,https://web.archive.org/web/20220629194223/https://rrchnm.org/essay/labor-history-on-the-world-wide-web-thoughts-on-jumping-onto-a-moving-express/#ref42,working
Labor History on the World Wide Web: Thoughts on Jumping onto a Moving Express,https://rrchnm.org/essays/labor-history-on-the-world-wide-web-thoughts-on-jumping-onto-a-moving-express/,https://web.archive.org/web/20220629194223/http://onlinebooks.library.upenn.edu/lists.html,working
Labor History on the World Wide Web: Thoughts on Jumping onto a Moving Express,https://rrchnm.org/essays/labor-history-on-the-world-wide-web-thoughts-on-jumping-onto-a-moving-express/,https://web.archive.org/web/20220629194223/http://onlinebooks.library.upenn.edu/archives.html,working
Labor History on the World Wide Web: Thoughts on Jumping onto a Moving Express,https://rrchnm.org/essays/labor-history-on-the-world-wide-web-thoughts-on-jumping-onto-a-moving-express/,https://web.archive.org/web/20220629194223/https://rrchnm.org/essay/labor-history-on-the-world-wide-web-thoughts-on-jumping-onto-a-moving-express/#ref43,working
Labor History on the World Wide Web: Thoughts on Jumping onto a Moving Express,https://rrchnm.org/essays/labor-history-on-the-world-wide-web-thoughts-on-jumping-onto-a-moving-express/,https://web.archive.org/web/20220629194223/http://moa.umdl.umich.edu/,working
Labor History on the World Wide Web: Thoughts on Jumping onto a Moving Express,https://rrchnm.org/essays/labor-history-on-the-world-wide-web-thoughts-on-jumping-onto-a-moving-express/,https://web.archive.org/web/20220629194223/http://moa.cit.cornell.edu/moa/,working
Labor History on the World Wide Web: Thoughts on Jumping onto a Moving Express,https://rrchnm.org/essays/labor-history-on-the-world-wide-web-thoughts-on-jumping-onto-a-moving-express/,https://web.archive.org/web/20220629194223/https://rrchnm.org/essay/labor-history-on-the-world-wide-web-thoughts-on-jumping-onto-a-moving-express/#ref44,working
Labor History on the World Wide Web: Thoughts on Jumping onto a Moving Express,https://rrchnm.org/essays/labor-history-on-the-world-wide-web-thoughts-on-jumping-onto-a-moving-express/,https://web.archive.org/web/20220629194223/http://etext.lib.virginia.edu/eng-on.html,working
Labor History on the World Wide Web: Thoughts on Jumping onto a Moving Express,https://rrchnm.org/essays/labor-history-on-the-world-wide-web-thoughts-on-jumping-onto-a-moving-express/,https://web.archive.org/web/20220629194223/https://rrchnm.org/essay/labor-history-on-the-world-wide-web-thoughts-on-jumping-onto-a-moving-express/#ref45,working
Labor History on the World Wide Web: Thoughts on Jumping onto a Moving Express,https://rrchnm.org/essays/labor-history-on-the-world-wide-web-thoughts-on-jumping-onto-a-moving-express/,https://web.archive.org/web/20220629194223/http://bingweb.binghamton.edu/~hist103/,status code: 404
Labor History on the World Wide Web: Thoughts on Jumping onto a Moving Express,https://rrchnm.org/essays/labor-history-on-the-world-wide-web-thoughts-on-jumping-onto-a-moving-express/,https://web.archive.org/web/20220629194223/http://bingweb.binghamton.edu/~hist264a,working
Labor History on the World Wide Web: Thoughts on Jumping onto a Moving Express,https://rrchnm.org/essays/labor-history-on-the-world-wide-web-thoughts-on-jumping-onto-a-moving-express/,https://web.archive.org/web/20220629194223/http://historymatters.gmu.edu/browse/syllabus/,working
Labor History on the World Wide Web: Thoughts on Jumping onto a Moving Express,https://rrchnm.org/essays/labor-history-on-the-world-wide-web-thoughts-on-jumping-onto-a-moving-express/,https://web.archive.org/web/20220629194223/https://rrchnm.org/essay/labor-history-on-the-world-wide-web-thoughts-on-jumping-onto-a-moving-express/#ref46,working
Labor History on the World Wide Web: Thoughts on Jumping onto a Moving Express,https://rrchnm.org/essays/labor-history-on-the-world-wide-web-thoughts-on-jumping-onto-a-moving-express/,https://web.archive.org/web/20220629194223/http://news.mpr.org/features/199605/01_wittl_econwar/,working
Labor History on the World Wide Web: Thoughts on Jumping onto a Moving Express,https://rrchnm.org/essays/labor-history-on-the-world-wide-web-thoughts-on-jumping-onto-a-moving-express/,https://web.archive.org/web/20220629194223/http://www.ksg.harvard.edu/battle/,"error: HTTPSConnectionPool(host='web.archive.org', port=443): Max retries exceeded with url: /web/20220629194223/http://www.ksg.harvard.edu/battle/ (Caused by NewConnectionError('<urllib3.connection.HTTPSConnection object at 0x0000026D6E0928D0>: Failed to establish a new connection: [WinError 10061] No connection could be made because the target machine actively refused it'))"
Labor History on the World Wide Web: Thoughts on Jumping onto a Moving Express,https://rrchnm.org/essays/labor-history-on-the-world-wide-web-thoughts-on-jumping-onto-a-moving-express/,https://web.archive.org/web/20220629194223/http://news.mpr.org/features/199605/01_wittl_econwar/,"error: HTTPSConnectionPool(host='web.archive.org', port=443): Max retries exceeded with url: /web/20220629194223/http://news.mpr.org/features/199605/01_wittl_econwar/ (Caused by NewConnectionError('<urllib3.connection.HTTPSConnection object at 0x0000026D6E0CB7D0>: Failed to establish a new connection: [WinError 10061] No connection could be made because the target machine actively refused it'))"
Labor History on the World Wide Web: Thoughts on Jumping onto a Moving Express,https://rrchnm.org/essays/labor-history-on-the-world-wide-web-thoughts-on-jumping-onto-a-moving-express/,https://web.archive.org/web/20220629194223/https://rrchnm.org/essay/labor-history-on-the-world-wide-web-thoughts-on-jumping-onto-a-moving-express/#ref47,working
Labor History on the World Wide Web: Thoughts on Jumping onto a Moving Express,https://rrchnm.org/essays/labor-history-on-the-world-wide-web-thoughts-on-jumping-onto-a-moving-express/,https://web.archive.org/web/20220629194223/http://www.ipums.org/usa/index.html,status code: 404
Labor History on the World Wide Web: Thoughts on Jumping onto a Moving Express,https://rrchnm.org/essays/labor-history-on-the-world-wide-web-thoughts-on-jumping-onto-a-moving-express/,https://web.archive.org/web/20220629194223/https://rrchnm.org/essay/labor-history-on-the-world-wide-web-thoughts-on-jumping-onto-a-moving-express/#ref48,working
Labor History on the World Wide Web: Thoughts on Jumping onto a Moving Express,https://rrchnm.org/essays/labor-history-on-the-world-wide-web-thoughts-on-jumping-onto-a-moving-express/,https://web.archive.org/web/20220629194223/http://www.amazon.com/exec/obidos/subst/books/misc/bibliofind.html/103-1864828-2327851,working
Labor History on the World Wide Web: Thoughts on Jumping onto a Moving Express,https://rrchnm.org/essays/labor-history-on-the-world-wide-web-thoughts-on-jumping-onto-a-moving-express/,https://web.archive.org/web/20220629194223/https://rrchnm.org/essay/labor-history-on-the-world-wide-web-thoughts-on-jumping-onto-a-moving-express/#ref49,working
Toward Transparency in Teaching: Publishing a Course Portfolio,https://rrchnm.org/essays/toward-transparency-in-teaching-publishing-a-course-portfolio/,https://web.archive.org/web/20220629183926/https://rrchnm.org/essay/toward-transparency-in-teaching-publishing-a-course-portfolio/#_edn1,working
Toward Transparency in Teaching: Publishing a Course Portfolio,https://rrchnm.org/essays/toward-transparency-in-teaching-publishing-a-course-portfolio/,https://web.archive.org/web/20220629183926/https://rrchnm.org/essay/toward-transparency-in-teaching-publishing-a-course-portfolio/#_edn2,working
Toward Transparency in Teaching: Publishing a Course Portfolio,https://rrchnm.org/essays/toward-transparency-in-teaching-publishing-a-course-portfolio/,https://web.archive.org/web/20220629183926/https://rrchnm.org/essay/toward-transparency-in-teaching-publishing-a-course-portfolio/#_edn3,working
Toward Transparency in Teaching: Publishing a Course Portfolio,https://rrchnm.org/essays/toward-transparency-in-teaching-publishing-a-course-portfolio/,https://web.archive.org/web/20220629183926/https://rrchnm.org/essay/toward-transparency-in-teaching-publishing-a-course-portfolio/#_edn4,working
Toward Transparency in Teaching: Publishing a Course Portfolio,https://rrchnm.org/essays/toward-transparency-in-teaching-publishing-a-course-portfolio/,https://web.archive.org/web/20220629183926/https://rrchnm.org/essay/toward-transparency-in-teaching-publishing-a-course-portfolio/#_ednref1,working
Toward Transparency in Teaching: Publishing a Course Portfolio,https://rrchnm.org/essays/toward-transparency-in-teaching-publishing-a-course-portfolio/,https://web.archive.org/web/20220629183926/http://www.theaha.org/teaching/aahe/aahecover.html,status code: 404
Toward Transparency in Teaching: Publishing a Course Portfolio,https://rrchnm.org/essays/toward-transparency-in-teaching-publishing-a-course-portfolio/,https://web.archive.org/web/20220629183926/https://rrchnm.org/essay/toward-transparency-in-teaching-publishing-a-course-portfolio/#_ednref2,working
Toward Transparency in Teaching: Publishing a Course Portfolio,https://rrchnm.org/essays/toward-transparency-in-teaching-publishing-a-course-portfolio/,https://web.archive.org/web/20220629183926/http://mcel.pacificu.edu/JAHC/JAHCIII2/ARTICLES/kelly/kelly.html,working
Toward Transparency in Teaching: Publishing a Course Portfolio,https://rrchnm.org/essays/toward-transparency-in-teaching-publishing-a-course-portfolio/,https://web.archive.org/web/20220629183926/https://rrchnm.org/essay/toward-transparency-in-teaching-publishing-a-course-portfolio/#_ednref3,working
Toward Transparency in Teaching: Publishing a Course Portfolio,https://rrchnm.org/essays/toward-transparency-in-teaching-publishing-a-course-portfolio/,https://web.archive.org/web/20220629183926/https://rrchnm.org/essay/toward-transparency-in-teaching-publishing-a-course-portfolio/#_ednref4,working
The Road to Xanadu: Public and Private Pathways on the History Web,https://rrchnm.org/essays/the-road-to-xanadu-public-and-private-pathways-on-the-history-web/,https://web.archive.org/web/20220629184549/https://rrchnm.org/essay/the-road-to-xanadu-public-and-private-pathways-on-the-history-web/#_edn1,working
The Road to Xanadu: Public and Private Pathways on the History Web,https://rrchnm.org/essays/the-road-to-xanadu-public-and-private-pathways-on-the-history-web/,https://web.archive.org/web/20220629184549/https://rrchnm.org/essay/the-road-to-xanadu-public-and-private-pathways-on-the-history-web/#_edn2,working
The Road to Xanadu: Public and Private Pathways on the History Web,https://rrchnm.org/essays/the-road-to-xanadu-public-and-private-pathways-on-the-history-web/,https://web.archive.org/web/20220629184549/https://rrchnm.org/essay/the-road-to-xanadu-public-and-private-pathways-on-the-history-web/#_edn3,working
The Road to Xanadu: Public and Private Pathways on the History Web,https://rrchnm.org/essays/the-road-to-xanadu-public-and-private-pathways-on-the-history-web/,https://web.archive.org/web/20220629184549/https://rrchnm.org/essay/the-road-to-xanadu-public-and-private-pathways-on-the-history-web/#_edn4,working
The Road to Xanadu: Public and Private Pathways on the History Web,https://rrchnm.org/essays/the-road-to-xanadu-public-and-private-pathways-on-the-history-web/,https://web.archive.org/web/20220629184549/https://rrchnm.org/essay/the-road-to-xanadu-public-and-private-pathways-on-the-history-web/#_edn5,working
The Road to Xanadu: Public and Private Pathways on the History Web,https://rrchnm.org/essays/the-road-to-xanadu-public-and-private-pathways-on-the-history-web/,https://web.archive.org/web/20220629184549/https://rrchnm.org/essay/the-road-to-xanadu-public-and-private-pathways-on-the-history-web/#_edn6,working
The Road to Xanadu: Public and Private Pathways on the History Web,https://rrchnm.org/essays/the-road-to-xanadu-public-and-private-pathways-on-the-history-web/,https://web.archive.org/web/20220629184549/https://rrchnm.org/essay/the-road-to-xanadu-public-and-private-pathways-on-the-history-web/#_edn7,working
The Road to Xanadu: Public and Private Pathways on the History Web,https://rrchnm.org/essays/the-road-to-xanadu-public-and-private-pathways-on-the-history-web/,https://web.archive.org/web/20220629184549/https://rrchnm.org/essay/the-road-to-xanadu-public-and-private-pathways-on-the-history-web/#_edn8,working
The Road to Xanadu: Public and Private Pathways on the History Web,https://rrchnm.org/essays/the-road-to-xanadu-public-and-private-pathways-on-the-history-web/,https://web.archive.org/web/20220629184549/https://rrchnm.org/essay/the-road-to-xanadu-public-and-private-pathways-on-the-history-web/#_edn9,working
The Road to Xanadu: Public and Private Pathways on the History Web,https://rrchnm.org/essays/the-road-to-xanadu-public-and-private-pathways-on-the-history-web/,https://web.archive.org/web/20220629184549/https://rrchnm.org/essay/the-road-to-xanadu-public-and-private-pathways-on-the-history-web/#_edn10,working
The Road to Xanadu: Public and Private Pathways on the History Web,https://rrchnm.org/essays/the-road-to-xanadu-public-and-private-pathways-on-the-history-web/,https://web.archive.org/web/20220629184549/https://rrchnm.org/essay/the-road-to-xanadu-public-and-private-pathways-on-the-history-web/#_edn11,working
The Road to Xanadu: Public and Private Pathways on the History Web,https://rrchnm.org/essays/the-road-to-xanadu-public-and-private-pathways-on-the-history-web/,https://web.archive.org/web/20220629184549/https://rrchnm.org/essay/the-road-to-xanadu-public-and-private-pathways-on-the-history-web/#_edn12,working
The Road to Xanadu: Public and Private Pathways on the History Web,https://rrchnm.org/essays/the-road-to-xanadu-public-and-private-pathways-on-the-history-web/,https://web.archive.org/web/20220629184549/https://rrchnm.org/essay/the-road-to-xanadu-public-and-private-pathways-on-the-history-web/#_edn13,working
The Road to Xanadu: Public and Private Pathways on the History Web,https://rrchnm.org/essays/the-road-to-xanadu-public-and-private-pathways-on-the-history-web/,https://web.archive.org/web/20220629184549/https://rrchnm.org/essay/the-road-to-xanadu-public-and-private-pathways-on-the-history-web/#_edn14,working
The Road to Xanadu: Public and Private Pathways on the History Web,https://rrchnm.org/essays/the-road-to-xanadu-public-and-private-pathways-on-the-history-web/,https://web.archive.org/web/20220629184549/https://rrchnm.org/essay/the-road-to-xanadu-public-and-private-pathways-on-the-history-web/#_edn15,working
The Road to Xanadu: Public and Private Pathways on the History Web,https://rrchnm.org/essays/the-road-to-xanadu-public-and-private-pathways-on-the-history-web/,https://web.archive.org/web/20220629184549/https://rrchnm.org/essay/the-road-to-xanadu-public-and-private-pathways-on-the-history-web/#_edn16,working
The Road to Xanadu: Public and Private Pathways on the History Web,https://rrchnm.org/essays/the-road-to-xanadu-public-and-private-pathways-on-the-history-web/,https://web.archive.org/web/20220629184549/https://rrchnm.org/essay/the-road-to-xanadu-public-and-private-pathways-on-the-history-web/#_edn17,working
The Road to Xanadu: Public and Private Pathways on the History Web,https://rrchnm.org/essays/the-road-to-xanadu-public-and-private-pathways-on-the-history-web/,https://web.archive.org/web/20220629184549/https://rrchnm.org/essay/the-road-to-xanadu-public-and-private-pathways-on-the-history-web/#_edn18,working
The Road to Xanadu: Public and Private Pathways on the History Web,https://rrchnm.org/essays/the-road-to-xanadu-public-and-private-pathways-on-the-history-web/,https://web.archive.org/web/20220629184549/https://rrchnm.org/essay/the-road-to-xanadu-public-and-private-pathways-on-the-history-web/#_edn19,working
The Road to Xanadu: Public and Private Pathways on the History Web,https://rrchnm.org/essays/the-road-to-xanadu-public-and-private-pathways-on-the-history-web/,https://web.archive.org/web/20220629184549/https://rrchnm.org/essay/the-road-to-xanadu-public-and-private-pathways-on-the-history-web/#_edn20,working
The Road to Xanadu: Public and Private Pathways on the History Web,https://rrchnm.org/essays/the-road-to-xanadu-public-and-private-pathways-on-the-history-web/,https://web.archive.org/web/20220629184549/https://rrchnm.org/essay/the-road-to-xanadu-public-and-private-pathways-on-the-history-web/#_edn21,working
The Road to Xanadu: Public and Private Pathways on the History Web,https://rrchnm.org/essays/the-road-to-xanadu-public-and-private-pathways-on-the-history-web/,https://web.archive.org/web/20220629184549/https://rrchnm.org/essay/the-road-to-xanadu-public-and-private-pathways-on-the-history-web/#_edn22,working
The Road to Xanadu: Public and Private Pathways on the History Web,https://rrchnm.org/essays/the-road-to-xanadu-public-and-private-pathways-on-the-history-web/,https://web.archive.org/web/20220629184549/https://rrchnm.org/essay/the-road-to-xanadu-public-and-private-pathways-on-the-history-web/#_edn23,working
The Road to Xanadu: Public and Private Pathways on the History Web,https://rrchnm.org/essays/the-road-to-xanadu-public-and-private-pathways-on-the-history-web/,https://web.archive.org/web/20220629184549/https://rrchnm.org/essay/the-road-to-xanadu-public-and-private-pathways-on-the-history-web/#_edn24,working
The Road to Xanadu: Public and Private Pathways on the History Web,https://rrchnm.org/essays/the-road-to-xanadu-public-and-private-pathways-on-the-history-web/,https://web.archive.org/web/20220629184549/https://rrchnm.org/essay/the-road-to-xanadu-public-and-private-pathways-on-the-history-web/#_edn25,working
The Road to Xanadu: Public and Private Pathways on the History Web,https://rrchnm.org/essays/the-road-to-xanadu-public-and-private-pathways-on-the-history-web/,https://web.archive.org/web/20220629184549/https://rrchnm.org/essay/the-road-to-xanadu-public-and-private-pathways-on-the-history-web/#_edn26,working
The Road to Xanadu: Public and Private Pathways on the History Web,https://rrchnm.org/essays/the-road-to-xanadu-public-and-private-pathways-on-the-history-web/,https://web.archive.org/web/20220629184549/https://rrchnm.org/essay/the-road-to-xanadu-public-and-private-pathways-on-the-history-web/#_edn27,working
The Road to Xanadu: Public and Private Pathways on the History Web,https://rrchnm.org/essays/the-road-to-xanadu-public-and-private-pathways-on-the-history-web/,https://web.archive.org/web/20220629184549/https://rrchnm.org/essay/the-road-to-xanadu-public-and-private-pathways-on-the-history-web/#_edn28,working
The Road to Xanadu: Public and Private Pathways on the History Web,https://rrchnm.org/essays/the-road-to-xanadu-public-and-private-pathways-on-the-history-web/,https://web.archive.org/web/20220629184549/https://rrchnm.org/essay/the-road-to-xanadu-public-and-private-pathways-on-the-history-web/#_edn29,working
The Road to Xanadu: Public and Private Pathways on the History Web,https://rrchnm.org/essays/the-road-to-xanadu-public-and-private-pathways-on-the-history-web/,https://web.archive.org/web/20220629184549/https://rrchnm.org/essay/the-road-to-xanadu-public-and-private-pathways-on-the-history-web/#_edn30,working
The Road to Xanadu: Public and Private Pathways on the History Web,https://rrchnm.org/essays/the-road-to-xanadu-public-and-private-pathways-on-the-history-web/,https://web.archive.org/web/20220629184549/https://rrchnm.org/essay/the-road-to-xanadu-public-and-private-pathways-on-the-history-web/#_edn31,working
The Road to Xanadu: Public and Private Pathways on the History Web,https://rrchnm.org/essays/the-road-to-xanadu-public-and-private-pathways-on-the-history-web/,https://web.archive.org/web/20220629184549/https://rrchnm.org/essay/the-road-to-xanadu-public-and-private-pathways-on-the-history-web/#_edn32,working
The Road to Xanadu: Public and Private Pathways on the History Web,https://rrchnm.org/essays/the-road-to-xanadu-public-and-private-pathways-on-the-history-web/,https://web.archive.org/web/20220629184549/https://rrchnm.org/essay/the-road-to-xanadu-public-and-private-pathways-on-the-history-web/#_edn33,working
The Road to Xanadu: Public and Private Pathways on the History Web,https://rrchnm.org/essays/the-road-to-xanadu-public-and-private-pathways-on-the-history-web/,https://web.archive.org/web/20220629184549/https://rrchnm.org/essay/the-road-to-xanadu-public-and-private-pathways-on-the-history-web/#_edn34,working
The Road to Xanadu: Public and Private Pathways on the History Web,https://rrchnm.org/essays/the-road-to-xanadu-public-and-private-pathways-on-the-history-web/,https://web.archive.org/web/20220629184549/https://rrchnm.org/essay/the-road-to-xanadu-public-and-private-pathways-on-the-history-web/#_edn35,working
The Road to Xanadu: Public and Private Pathways on the History Web,https://rrchnm.org/essays/the-road-to-xanadu-public-and-private-pathways-on-the-history-web/,https://web.archive.org/web/20220629184549/http://i/,working
The Road to Xanadu: Public and Private Pathways on the History Web,https://rrchnm.org/essays/the-road-to-xanadu-public-and-private-pathways-on-the-history-web/,https://web.archive.org/web/20220629184549/https://rrchnm.org/essay/the-road-to-xanadu-public-and-private-pathways-on-the-history-web/#_edn36,working
The Road to Xanadu: Public and Private Pathways on the History Web,https://rrchnm.org/essays/the-road-to-xanadu-public-and-private-pathways-on-the-history-web/,https://web.archive.org/web/20220629184549/https://rrchnm.org/essay/the-road-to-xanadu-public-and-private-pathways-on-the-history-web/#_edn37,working
The Road to Xanadu: Public and Private Pathways on the History Web,https://rrchnm.org/essays/the-road-to-xanadu-public-and-private-pathways-on-the-history-web/,https://web.archive.org/web/20220629184549/https://rrchnm.org/essay/the-road-to-xanadu-public-and-private-pathways-on-the-history-web/#_edn38,working
The Road to Xanadu: Public and Private Pathways on the History Web,https://rrchnm.org/essays/the-road-to-xanadu-public-and-private-pathways-on-the-history-web/,https://web.archive.org/web/20220629184549/https://rrchnm.org/essay/the-road-to-xanadu-public-and-private-pathways-on-the-history-web/#_edn39,working
The Road to Xanadu: Public and Private Pathways on the History Web,https://rrchnm.org/essays/the-road-to-xanadu-public-and-private-pathways-on-the-history-web/,https://web.archive.org/web/20220629184549/https://rrchnm.org/essay/the-road-to-xanadu-public-and-private-pathways-on-the-history-web/#_edn40,working
The Road to Xanadu: Public and Private Pathways on the History Web,https://rrchnm.org/essays/the-road-to-xanadu-public-and-private-pathways-on-the-history-web/,https://web.archive.org/web/20220629184549/https://rrchnm.org/essay/the-road-to-xanadu-public-and-private-pathways-on-the-history-web/#_edn41,working
The Road to Xanadu: Public and Private Pathways on the History Web,https://rrchnm.org/essays/the-road-to-xanadu-public-and-private-pathways-on-the-history-web/,https://web.archive.org/web/20220629184549/https://rrchnm.org/essay/the-road-to-xanadu-public-and-private-pathways-on-the-history-web/#_edn42,working
The Road to Xanadu: Public and Private Pathways on the History Web,https://rrchnm.org/essays/the-road-to-xanadu-public-and-private-pathways-on-the-history-web/,https://web.archive.org/web/20220629184549/https://rrchnm.org/essay/the-road-to-xanadu-public-and-private-pathways-on-the-history-web/#_edn43,working
The Road to Xanadu: Public and Private Pathways on the History Web,https://rrchnm.org/essays/the-road-to-xanadu-public-and-private-pathways-on-the-history-web/,https://web.archive.org/web/20220629184549/https://rrchnm.org/essay/the-road-to-xanadu-public-and-private-pathways-on-the-history-web/#_edn44,working
The Road to Xanadu: Public and Private Pathways on the History Web,https://rrchnm.org/essays/the-road-to-xanadu-public-and-private-pathways-on-the-history-web/,https://web.archive.org/web/20220629184549/https://rrchnm.org/essay/the-road-to-xanadu-public-and-private-pathways-on-the-history-web/#_edn45,working
The Road to Xanadu: Public and Private Pathways on the History Web,https://rrchnm.org/essays/the-road-to-xanadu-public-and-private-pathways-on-the-history-web/,https://web.archive.org/web/20220629184549/https://rrchnm.org/essay/the-road-to-xanadu-public-and-private-pathways-on-the-history-web/#_edn46,working
The Road to Xanadu: Public and Private Pathways on the History Web,https://rrchnm.org/essays/the-road-to-xanadu-public-and-private-pathways-on-the-history-web/,https://web.archive.org/web/20220629184549/https://rrchnm.org/essay/the-road-to-xanadu-public-and-private-pathways-on-the-history-web/#_edn47,working
The Road to Xanadu: Public and Private Pathways on the History Web,https://rrchnm.org/essays/the-road-to-xanadu-public-and-private-pathways-on-the-history-web/,https://web.archive.org/web/20220629184549/https://rrchnm.org/essay/the-road-to-xanadu-public-and-private-pathways-on-the-history-web/#_edn48,working
The Road to Xanadu: Public and Private Pathways on the History Web,https://rrchnm.org/essays/the-road-to-xanadu-public-and-private-pathways-on-the-history-web/,https://web.archive.org/web/20220629184549/https://rrchnm.org/essay/the-road-to-xanadu-public-and-private-pathways-on-the-history-web/#_edn49,working
The Road to Xanadu: Public and Private Pathways on the History Web,https://rrchnm.org/essays/the-road-to-xanadu-public-and-private-pathways-on-the-history-web/,https://web.archive.org/web/20220629184549/https://rrchnm.org/essay/the-road-to-xanadu-public-and-private-pathways-on-the-history-web/#_edn50,working
The Road to Xanadu: Public and Private Pathways on the History Web,https://rrchnm.org/essays/the-road-to-xanadu-public-and-private-pathways-on-the-history-web/,https://web.archive.org/web/20220629184549/https://rrchnm.org/essay/the-road-to-xanadu-public-and-private-pathways-on-the-history-web/#_edn51,working
The Road to Xanadu: Public and Private Pathways on the History Web,https://rrchnm.org/essays/the-road-to-xanadu-public-and-private-pathways-on-the-history-web/,https://web.archive.org/web/20220629184549/https://rrchnm.org/essay/the-road-to-xanadu-public-and-private-pathways-on-the-history-web/#_edn52,working
The Road to Xanadu: Public and Private Pathways on the History Web,https://rrchnm.org/essays/the-road-to-xanadu-public-and-private-pathways-on-the-history-web/,https://web.archive.org/web/20220629184549/https://rrchnm.org/essay/the-road-to-xanadu-public-and-private-pathways-on-the-history-web/#_edn53,working
The Road to Xanadu: Public and Private Pathways on the History Web,https://rrchnm.org/essays/the-road-to-xanadu-public-and-private-pathways-on-the-history-web/,https://web.archive.org/web/20220629184549/https://rrchnm.org/essay/the-road-to-xanadu-public-and-private-pathways-on-the-history-web/#_edn54,working
The Road to Xanadu: Public and Private Pathways on the History Web,https://rrchnm.org/essays/the-road-to-xanadu-public-and-private-pathways-on-the-history-web/,https://web.archive.org/web/20220629184549/https://rrchnm.org/essay/the-road-to-xanadu-public-and-private-pathways-on-the-history-web/#_edn55,working
The Road to Xanadu: Public and Private Pathways on the History Web,https://rrchnm.org/essays/the-road-to-xanadu-public-and-private-pathways-on-the-history-web/,https://web.archive.org/web/20220629184549/https://rrchnm.org/essay/the-road-to-xanadu-public-and-private-pathways-on-the-history-web/#_edn56,working
The Road to Xanadu: Public and Private Pathways on the History Web,https://rrchnm.org/essays/the-road-to-xanadu-public-and-private-pathways-on-the-history-web/,https://web.archive.org/web/20220629184549/https://rrchnm.org/essay/the-road-to-xanadu-public-and-private-pathways-on-the-history-web/#_edn57,working
The Road to Xanadu: Public and Private Pathways on the History Web,https://rrchnm.org/essays/the-road-to-xanadu-public-and-private-pathways-on-the-history-web/,https://web.archive.org/web/20220629184549/https://rrchnm.org/essay/the-road-to-xanadu-public-and-private-pathways-on-the-history-web/#_edn58,working
The Road to Xanadu: Public and Private Pathways on the History Web,https://rrchnm.org/essays/the-road-to-xanadu-public-and-private-pathways-on-the-history-web/,https://web.archive.org/web/20220629184549/https://rrchnm.org/essay/the-road-to-xanadu-public-and-private-pathways-on-the-history-web/#_edn59,working
The Road to Xanadu: Public and Private Pathways on the History Web,https://rrchnm.org/essays/the-road-to-xanadu-public-and-private-pathways-on-the-history-web/,https://web.archive.org/web/20220629184549/https://rrchnm.org/essay/the-road-to-xanadu-public-and-private-pathways-on-the-history-web/#_edn60,working
The Road to Xanadu: Public and Private Pathways on the History Web,https://rrchnm.org/essays/the-road-to-xanadu-public-and-private-pathways-on-the-history-web/,https://web.archive.org/web/20220629184549/https://rrchnm.org/essay/the-road-to-xanadu-public-and-private-pathways-on-the-history-web/#_edn61,working
The Road to Xanadu: Public and Private Pathways on the History Web,https://rrchnm.org/essays/the-road-to-xanadu-public-and-private-pathways-on-the-history-web/,https://web.archive.org/web/20220629184549/https://rrchnm.org/essay/the-road-to-xanadu-public-and-private-pathways-on-the-history-web/#_edn62,working
The Road to Xanadu: Public and Private Pathways on the History Web,https://rrchnm.org/essays/the-road-to-xanadu-public-and-private-pathways-on-the-history-web/,https://web.archive.org/web/20220629184549/https://rrchnm.org/essay/the-road-to-xanadu-public-and-private-pathways-on-the-history-web/#_edn63,working
The Road to Xanadu: Public and Private Pathways on the History Web,https://rrchnm.org/essays/the-road-to-xanadu-public-and-private-pathways-on-the-history-web/,https://web.archive.org/web/20220629184549/https://rrchnm.org/essay/the-road-to-xanadu-public-and-private-pathways-on-the-history-web/#_edn64,working
The Road to Xanadu: Public and Private Pathways on the History Web,https://rrchnm.org/essays/the-road-to-xanadu-public-and-private-pathways-on-the-history-web/,https://web.archive.org/web/20220629184549/https://rrchnm.org/essay/the-road-to-xanadu-public-and-private-pathways-on-the-history-web/#_edn65,working
The Road to Xanadu: Public and Private Pathways on the History Web,https://rrchnm.org/essays/the-road-to-xanadu-public-and-private-pathways-on-the-history-web/,https://web.archive.org/web/20220629184549/https://rrchnm.org/essay/the-road-to-xanadu-public-and-private-pathways-on-the-history-web/#_edn66,working
The Road to Xanadu: Public and Private Pathways on the History Web,https://rrchnm.org/essays/the-road-to-xanadu-public-and-private-pathways-on-the-history-web/,https://web.archive.org/web/20220629184549/https://rrchnm.org/essay/the-road-to-xanadu-public-and-private-pathways-on-the-history-web/#_edn67,working
The Road to Xanadu: Public and Private Pathways on the History Web,https://rrchnm.org/essays/the-road-to-xanadu-public-and-private-pathways-on-the-history-web/,https://web.archive.org/web/20220629195436/https://rrchnm.org/essay/brave-new-world-or-blind-alley-american-history-on-the-world-wide-web/#ref1,working
The Road to Xanadu: Public and Private Pathways on the History Web,https://rrchnm.org/essays/the-road-to-xanadu-public-and-private-pathways-on-the-history-web/,https://web.archive.org/web/20220629184549/https://rrchnm.org/essay/the-road-to-xanadu-public-and-private-pathways-on-the-history-web/#_ednref1,working
The Road to Xanadu: Public and Private Pathways on the History Web,https://rrchnm.org/essays/the-road-to-xanadu-public-and-private-pathways-on-the-history-web/,https://web.archive.org/web/20220629184549/http://www.lesk.com/mlesk/ksg97/ksg.html,working
The Road to Xanadu: Public and Private Pathways on the History Web,https://rrchnm.org/essays/the-road-to-xanadu-public-and-private-pathways-on-the-history-web/,https://web.archive.org/web/20220629184549/https://rrchnm.org/essay/the-road-to-xanadu-public-and-private-pathways-on-the-history-web/#_ednref2,working
The Road to Xanadu: Public and Private Pathways on the History Web,https://rrchnm.org/essays/the-road-to-xanadu-public-and-private-pathways-on-the-history-web/,https://web.archive.org/web/20220629184549/https://rrchnm.org/essay/the-road-to-xanadu-public-and-private-pathways-on-the-history-web/#_ednref3,working
The Road to Xanadu: Public and Private Pathways on the History Web,https://rrchnm.org/essays/the-road-to-xanadu-public-and-private-pathways-on-the-history-web/,https://web.archive.org/web/20220629184549/http://www.wirednews.com/wired/archive/3.06/xanadu_pr.html,working
The Road to Xanadu: Public and Private Pathways on the History Web,https://rrchnm.org/essays/the-road-to-xanadu-public-and-private-pathways-on-the-history-web/,https://web.archive.org/web/20220629184549/https://rrchnm.org/essay/the-road-to-xanadu-public-and-private-pathways-on-the-history-web/#_ednref4,working
The Road to Xanadu: Public and Private Pathways on the History Web,https://rrchnm.org/essays/the-road-to-xanadu-public-and-private-pathways-on-the-history-web/,https://web.archive.org/web/20220629184549/https://rrchnm.org/essay/the-road-to-xanadu-public-and-private-pathways-on-the-history-web/#_ednref5,working
The Road to Xanadu: Public and Private Pathways on the History Web,https://rrchnm.org/essays/the-road-to-xanadu-public-and-private-pathways-on-the-history-web/,https://web.archive.org/web/20220629184549/https://rrchnm.org/essay/the-road-to-xanadu-public-and-private-pathways-on-the-history-web/#_ednref6,working
The Road to Xanadu: Public and Private Pathways on the History Web,https://rrchnm.org/essays/the-road-to-xanadu-public-and-private-pathways-on-the-history-web/,https://web.archive.org/web/20220629184549/http://www.google.com/,working
The Road to Xanadu: Public and Private Pathways on the History Web,https://rrchnm.org/essays/the-road-to-xanadu-public-and-private-pathways-on-the-history-web/,https://web.archive.org/web/20220629184549/https://rrchnm.org/essay/the-road-to-xanadu-public-and-private-pathways-on-the-history-web/#_ednref7,working
The Road to Xanadu: Public and Private Pathways on the History Web,https://rrchnm.org/essays/the-road-to-xanadu-public-and-private-pathways-on-the-history-web/,https://web.archive.org/web/20220629184549/https://rrchnm.org/essay/the-road-to-xanadu-public-and-private-pathways-on-the-history-web/#_ednref8,working
The Road to Xanadu: Public and Private Pathways on the History Web,https://rrchnm.org/essays/the-road-to-xanadu-public-and-private-pathways-on-the-history-web/,https://web.archive.org/web/20220629184549/https://rrchnm.org/essay/the-road-to-xanadu-public-and-private-pathways-on-the-history-web/#_ednref9,working
The Road to Xanadu: Public and Private Pathways on the History Web,https://rrchnm.org/essays/the-road-to-xanadu-public-and-private-pathways-on-the-history-web/,https://web.archive.org/web/20220629184549/https://rrchnm.org/essay/the-road-to-xanadu-public-and-private-pathways-on-the-history-web/#_ednref10,working
The Road to Xanadu: Public and Private Pathways on the History Web,https://rrchnm.org/essays/the-road-to-xanadu-public-and-private-pathways-on-the-history-web/,https://web.archive.org/web/20220629184549/https://rrchnm.org/essay/the-road-to-xanadu-public-and-private-pathways-on-the-history-web/#_ednref11,working
The Road to Xanadu: Public and Private Pathways on the History Web,https://rrchnm.org/essays/the-road-to-xanadu-public-and-private-pathways-on-the-history-web/,https://web.archive.org/web/20220629184549/https://rrchnm.org/essay/the-road-to-xanadu-public-and-private-pathways-on-the-history-web/#_ednref12,working
The Road to Xanadu: Public and Private Pathways on the History Web,https://rrchnm.org/essays/the-road-to-xanadu-public-and-private-pathways-on-the-history-web/,https://web.archive.org/web/20220629184549/https://rrchnm.org/essay/the-road-to-xanadu-public-and-private-pathways-on-the-history-web/#_ednref13,working
The Road to Xanadu: Public and Private Pathways on the History Web,https://rrchnm.org/essays/the-road-to-xanadu-public-and-private-pathways-on-the-history-web/,https://web.archive.org/web/20220629184549/http://dir.yahoo.com/Arts/Humanities/History/,status code: 404
The Road to Xanadu: Public and Private Pathways on the History Web,https://rrchnm.org/essays/the-road-to-xanadu-public-and-private-pathways-on-the-history-web/,https://web.archive.org/web/20220629184549/https://rrchnm.org/essay/the-road-to-xanadu-public-and-private-pathways-on-the-history-web/#_ednref14,working
The Road to Xanadu: Public and Private Pathways on the History Web,https://rrchnm.org/essays/the-road-to-xanadu-public-and-private-pathways-on-the-history-web/,https://web.archive.org/web/20220629184549/http://memory.loc.gov/,working
The Road to Xanadu: Public and Private Pathways on the History Web,https://rrchnm.org/essays/the-road-to-xanadu-public-and-private-pathways-on-the-history-web/,https://web.archive.org/web/20220629184549/https://rrchnm.org/essay/the-road-to-xanadu-public-and-private-pathways-on-the-history-web/#_ednref15,working
The Road to Xanadu: Public and Private Pathways on the History Web,https://rrchnm.org/essays/the-road-to-xanadu-public-and-private-pathways-on-the-history-web/,https://web.archive.org/web/20220629184549/http://www.familysearch.org/Eng/Home/News/frameset_news.asp?PAGE=home_facts.asp,status code: 404
The Road to Xanadu: Public and Private Pathways on the History Web,https://rrchnm.org/essays/the-road-to-xanadu-public-and-private-pathways-on-the-history-web/,https://web.archive.org/web/20220629184549/https://rrchnm.org/essay/the-road-to-xanadu-public-and-private-pathways-on-the-history-web/#_ednref16,working
The Road to Xanadu: Public and Private Pathways on the History Web,https://rrchnm.org/essays/the-road-to-xanadu-public-and-private-pathways-on-the-history-web/,https://web.archive.org/web/20220629184549/https://rrchnm.org/essay/the-road-to-xanadu-public-and-private-pathways-on-the-history-web/#_ednref17,working
The Road to Xanadu: Public and Private Pathways on the History Web,https://rrchnm.org/essays/the-road-to-xanadu-public-and-private-pathways-on-the-history-web/,https://web.archive.org/web/20220629184549/http://comp.uark.edu/~brmink/stanton.html,status code: 404
The Road to Xanadu: Public and Private Pathways on the History Web,https://rrchnm.org/essays/the-road-to-xanadu-public-and-private-pathways-on-the-history-web/,https://web.archive.org/web/20220629184549/http://www.sinclair.edu/classenhancements/his101e-tm/civilrt1.htm,status code: 404
The Road to Xanadu: Public and Private Pathways on the History Web,https://rrchnm.org/essays/the-road-to-xanadu-public-and-private-pathways-on-the-history-web/,https://web.archive.org/web/20220629184549/http://www.historyteacher.net/USProjects/DBQs2000/APUSH-DBQ-40.htm,status code: 404
The Road to Xanadu: Public and Private Pathways on the History Web,https://rrchnm.org/essays/the-road-to-xanadu-public-and-private-pathways-on-the-history-web/,https://web.archive.org/web/20220629184549/https://rrchnm.org/essay/the-road-to-xanadu-public-and-private-pathways-on-the-history-web/#_ednref18,working
The Road to Xanadu: Public and Private Pathways on the History Web,https://rrchnm.org/essays/the-road-to-xanadu-public-and-private-pathways-on-the-history-web/,https://web.archive.org/web/20220629184549/http://www.kenyada.com/talented.htm,working
The Road to Xanadu: Public and Private Pathways on the History Web,https://rrchnm.org/essays/the-road-to-xanadu-public-and-private-pathways-on-the-history-web/,https://web.archive.org/web/20220629184549/http://www.fortunecity.com/tinpan/parton/2/pie.htm,status code: 403
The Road to Xanadu: Public and Private Pathways on the History Web,https://rrchnm.org/essays/the-road-to-xanadu-public-and-private-pathways-on-the-history-web/,https://web.archive.org/web/20220629184549/http://www.gbod.org/worship/default.asp?act=reader&item_id=1786,working
The Road to Xanadu: Public and Private Pathways on the History Web,https://rrchnm.org/essays/the-road-to-xanadu-public-and-private-pathways-on-the-history-web/,https://web.archive.org/web/20220629184549/http://www.geocities.com/Paris/Bistro/8066/index2.htm,working
The Road to Xanadu: Public and Private Pathways on the History Web,https://rrchnm.org/essays/the-road-to-xanadu-public-and-private-pathways-on-the-history-web/,https://web.archive.org/web/20220629184549/https://rrchnm.org/essay/the-road-to-xanadu-public-and-private-pathways-on-the-history-web/#_ednref19,working
The Road to Xanadu: Public and Private Pathways on the History Web,https://rrchnm.org/essays/the-road-to-xanadu-public-and-private-pathways-on-the-history-web/,https://web.archive.org/web/20220629184549/http://www.boondocksnet.com/,status code: 403
The Road to Xanadu: Public and Private Pathways on the History Web,https://rrchnm.org/essays/the-road-to-xanadu-public-and-private-pathways-on-the-history-web/,https://web.archive.org/web/20220629184549/https://rrchnm.org/essay/the-road-to-xanadu-public-and-private-pathways-on-the-history-web/#_ednref20,working
The Road to Xanadu: Public and Private Pathways on the History Web,https://rrchnm.org/essays/the-road-to-xanadu-public-and-private-pathways-on-the-history-web/,https://web.archive.org/web/20220629184549/http://www2.h-net.msu.edu/about/,working
The Road to Xanadu: Public and Private Pathways on the History Web,https://rrchnm.org/essays/the-road-to-xanadu-public-and-private-pathways-on-the-history-web/,https://web.archive.org/web/20220629184549/https://rrchnm.org/essay/the-road-to-xanadu-public-and-private-pathways-on-the-history-web/#_ednref21,working
The Road to Xanadu: Public and Private Pathways on the History Web,https://rrchnm.org/essays/the-road-to-xanadu-public-and-private-pathways-on-the-history-web/,https://web.archive.org/web/20220629184549/http://ngeorgia.com/,working
The Road to Xanadu: Public and Private Pathways on the History Web,https://rrchnm.org/essays/the-road-to-xanadu-public-and-private-pathways-on-the-history-web/,https://web.archive.org/web/20220629184549/https://rrchnm.org/essay/the-road-to-xanadu-public-and-private-pathways-on-the-history-web/#_ednref22,working
The Road to Xanadu: Public and Private Pathways on the History Web,https://rrchnm.org/essays/the-road-to-xanadu-public-and-private-pathways-on-the-history-web/,https://web.archive.org/web/20220629184549/http://lcweb2.loc.gov/ammem/naw/nawshom.html,working
The Road to Xanadu: Public and Private Pathways on the History Web,https://rrchnm.org/essays/the-road-to-xanadu-public-and-private-pathways-on-the-history-web/,https://web.archive.org/web/20220629184549/https://rrchnm.org/essay/the-road-to-xanadu-public-and-private-pathways-on-the-history-web/#_ednref23,working
The Road to Xanadu: Public and Private Pathways on the History Web,https://rrchnm.org/essays/the-road-to-xanadu-public-and-private-pathways-on-the-history-web/,https://web.archive.org/web/20220629184549/http://www.voa.gov/century/century.html,status code: 404
The Road to Xanadu: Public and Private Pathways on the History Web,https://rrchnm.org/essays/the-road-to-xanadu-public-and-private-pathways-on-the-history-web/,https://web.archive.org/web/20220629184549/http://www.ibiscom.com/vodebs.htm,working
The Road to Xanadu: Public and Private Pathways on the History Web,https://rrchnm.org/essays/the-road-to-xanadu-public-and-private-pathways-on-the-history-web/,https://web.archive.org/web/20220629184549/http://www.expo98.msu.edu/sounds/debs.html,working
The Road to Xanadu: Public and Private Pathways on the History Web,https://rrchnm.org/essays/the-road-to-xanadu-public-and-private-pathways-on-the-history-web/,https://web.archive.org/web/20220629184549/http://www.albany.edu/history/LaborAudio/,status code: 403
The Road to Xanadu: Public and Private Pathways on the History Web,https://rrchnm.org/essays/the-road-to-xanadu-public-and-private-pathways-on-the-history-web/,https://web.archive.org/web/20220629184549/https://rrchnm.org/essay/the-road-to-xanadu-public-and-private-pathways-on-the-history-web/#_ednref24,working
The Road to Xanadu: Public and Private Pathways on the History Web,https://rrchnm.org/essays/the-road-to-xanadu-public-and-private-pathways-on-the-history-web/,https://web.archive.org/web/20220629184549/http://www.eden.rutgers.edu/~wshepp3/lynch.html,status code: 404
The Road to Xanadu: Public and Private Pathways on the History Web,https://rrchnm.org/essays/the-road-to-xanadu-public-and-private-pathways-on-the-history-web/,https://web.archive.org/web/20220629184549/http://www.kohlblacktimes.com/willie.htm,working
The Road to Xanadu: Public and Private Pathways on the History Web,https://rrchnm.org/essays/the-road-to-xanadu-public-and-private-pathways-on-the-history-web/,https://web.archive.org/web/20220629184549/http://www.umsl.edu/~libweb/blackstudies/narrate.htm,status code: 404
The Road to Xanadu: Public and Private Pathways on the History Web,https://rrchnm.org/essays/the-road-to-xanadu-public-and-private-pathways-on-the-history-web/,https://web.archive.org/web/20220629184549/https://rrchnm.org/essay/the-road-to-xanadu-public-and-private-pathways-on-the-history-web/#_ednref25,working
The Road to Xanadu: Public and Private Pathways on the History Web,https://rrchnm.org/essays/the-road-to-xanadu-public-and-private-pathways-on-the-history-web/,https://web.archive.org/web/20220629184549/https://rrchnm.org/essay/the-road-to-xanadu-public-and-private-pathways-on-the-history-web/#_ednref26,working
The Road to Xanadu: Public and Private Pathways on the History Web,https://rrchnm.org/essays/the-road-to-xanadu-public-and-private-pathways-on-the-history-web/,"https://web.archive.org/web/20220629184549/http://www.wired.com/news/print/0,1294,41166,00.html",status code: 404
The Road to Xanadu: Public and Private Pathways on the History Web,https://rrchnm.org/essays/the-road-to-xanadu-public-and-private-pathways-on-the-history-web/,https://web.archive.org/web/20220629184549/http://memory.loc.gov/ammem/sponsors.html,working
The Road to Xanadu: Public and Private Pathways on the History Web,https://rrchnm.org/essays/the-road-to-xanadu-public-and-private-pathways-on-the-history-web/,https://web.archive.org/web/20220629184549/http://memory.loc.gov/ammem/award/index.html,working
The Road to Xanadu: Public and Private Pathways on the History Web,https://rrchnm.org/essays/the-road-to-xanadu-public-and-private-pathways-on-the-history-web/,https://web.archive.org/web/20220629184549/https://rrchnm.org/essay/the-road-to-xanadu-public-and-private-pathways-on-the-history-web/#_ednref27,working
The Road to Xanadu: Public and Private Pathways on the History Web,https://rrchnm.org/essays/the-road-to-xanadu-public-and-private-pathways-on-the-history-web/,https://web.archive.org/web/20220629184549/http://jefferson.village.virginia.edu/vshadow/,status code: 404
The Road to Xanadu: Public and Private Pathways on the History Web,https://rrchnm.org/essays/the-road-to-xanadu-public-and-private-pathways-on-the-history-web/,https://web.archive.org/web/20220629184549/https://rrchnm.org/essay/the-road-to-xanadu-public-and-private-pathways-on-the-history-web/#_ednref28,working
The Road to Xanadu: Public and Private Pathways on the History Web,https://rrchnm.org/essays/the-road-to-xanadu-public-and-private-pathways-on-the-history-web/,https://web.archive.org/web/20220629184549/http://newdeal.feri.org/,working
The Road to Xanadu: Public and Private Pathways on the History Web,https://rrchnm.org/essays/the-road-to-xanadu-public-and-private-pathways-on-the-history-web/,https://web.archive.org/web/20220629184549/http://historymatters.gmu.edu/,working
The Road to Xanadu: Public and Private Pathways on the History Web,https://rrchnm.org/essays/the-road-to-xanadu-public-and-private-pathways-on-the-history-web/,https://web.archive.org/web/20220629184549/https://rrchnm.org/essay/the-road-to-xanadu-public-and-private-pathways-on-the-history-web/#_ednref29,working
The Road to Xanadu: Public and Private Pathways on the History Web,https://rrchnm.org/essays/the-road-to-xanadu-public-and-private-pathways-on-the-history-web/,https://web.archive.org/web/20220629184549/http://docsouth.unc.edu/aboutdas.html,status code: 404
The Road to Xanadu: Public and Private Pathways on the History Web,https://rrchnm.org/essays/the-road-to-xanadu-public-and-private-pathways-on-the-history-web/,https://web.archive.org/web/20220629184549/https://rrchnm.org/essay/the-road-to-xanadu-public-and-private-pathways-on-the-history-web/#_ednref30,working
The Road to Xanadu: Public and Private Pathways on the History Web,https://rrchnm.org/essays/the-road-to-xanadu-public-and-private-pathways-on-the-history-web/,https://web.archive.org/web/20220629184549/http://www.dli2.nsf.gov/,working
The Road to Xanadu: Public and Private Pathways on the History Web,https://rrchnm.org/essays/the-road-to-xanadu-public-and-private-pathways-on-the-history-web/,https://web.archive.org/web/20220629184549/https://rrchnm.org/essay/the-road-to-xanadu-public-and-private-pathways-on-the-history-web/#_ednref31,working
The Road to Xanadu: Public and Private Pathways on the History Web,https://rrchnm.org/essays/the-road-to-xanadu-public-and-private-pathways-on-the-history-web/,https://web.archive.org/web/20220629184549/https://rrchnm.org/essay/the-road-to-xanadu-public-and-private-pathways-on-the-history-web/#_ednref32,working
The Road to Xanadu: Public and Private Pathways on the History Web,https://rrchnm.org/essays/the-road-to-xanadu-public-and-private-pathways-on-the-history-web/,https://web.archive.org/web/20220629184549/http://www.umich.edu/~newsinfo/MT/98/Spr98/mt15s98.html,working
The Road to Xanadu: Public and Private Pathways on the History Web,https://rrchnm.org/essays/the-road-to-xanadu-public-and-private-pathways-on-the-history-web/,https://web.archive.org/web/20220629184549/https://rrchnm.org/essay/the-road-to-xanadu-public-and-private-pathways-on-the-history-web/#_ednref33,working
The Road to Xanadu: Public and Private Pathways on the History Web,https://rrchnm.org/essays/the-road-to-xanadu-public-and-private-pathways-on-the-history-web/,https://web.archive.org/web/20220629184549/http://www.umdl.umich.edu/policies/digitpolicyfinal.html,working
The Road to Xanadu: Public and Private Pathways on the History Web,https://rrchnm.org/essays/the-road-to-xanadu-public-and-private-pathways-on-the-history-web/,https://web.archive.org/web/20220629184549/https://rrchnm.org/essay/the-road-to-xanadu-public-and-private-pathways-on-the-history-web/#_ednref34,working
The Road to Xanadu: Public and Private Pathways on the History Web,https://rrchnm.org/essays/the-road-to-xanadu-public-and-private-pathways-on-the-history-web/,https://web.archive.org/web/20220629184549/http://www.arl.org/scomm/baker.html,status code: 404
The Road to Xanadu: Public and Private Pathways on the History Web,https://rrchnm.org/essays/the-road-to-xanadu-public-and-private-pathways-on-the-history-web/,https://web.archive.org/web/20220629184549/http://www.infotoday.com/searcher/jun01/voice.htm,working
The Road to Xanadu: Public and Private Pathways on the History Web,https://rrchnm.org/essays/the-road-to-xanadu-public-and-private-pathways-on-the-history-web/,https://web.archive.org/web/20220629184549/https://rrchnm.org/essay/the-road-to-xanadu-public-and-private-pathways-on-the-history-web/#_ednref35,working
The Road to Xanadu: Public and Private Pathways on the History Web,https://rrchnm.org/essays/the-road-to-xanadu-public-and-private-pathways-on-the-history-web/,https://web.archive.org/web/20220629184549/http://www.arl.org/info/letters/FY1999.html,status code: 404
The Road to Xanadu: Public and Private Pathways on the History Web,https://rrchnm.org/essays/the-road-to-xanadu-public-and-private-pathways-on-the-history-web/,https://web.archive.org/web/20220629184549/http://chronicle.com/weekly/sitesearch.htm,working
The Road to Xanadu: Public and Private Pathways on the History Web,https://rrchnm.org/essays/the-road-to-xanadu-public-and-private-pathways-on-the-history-web/,https://web.archive.org/web/20220629184549/https://rrchnm.org/essay/the-road-to-xanadu-public-and-private-pathways-on-the-history-web/#_ednref36,working
The Road to Xanadu: Public and Private Pathways on the History Web,https://rrchnm.org/essays/the-road-to-xanadu-public-and-private-pathways-on-the-history-web/,https://web.archive.org/web/20220629184549/https://rrchnm.org/essay/the-road-to-xanadu-public-and-private-pathways-on-the-history-web/#_ednref37,working
The Road to Xanadu: Public and Private Pathways on the History Web,https://rrchnm.org/essays/the-road-to-xanadu-public-and-private-pathways-on-the-history-web/,https://web.archive.org/web/20220629184549/http://www.public.asu.edu/~dkarjala/commentary/Fonda8-29-99.html,status code: 404
The Road to Xanadu: Public and Private Pathways on the History Web,https://rrchnm.org/essays/the-road-to-xanadu-public-and-private-pathways-on-the-history-web/,https://web.archive.org/web/20220629184549/http://www2.h-net.msu.edu/~ncc/ncc98/ncc9811mar27.html,status code: 404
The Road to Xanadu: Public and Private Pathways on the History Web,https://rrchnm.org/essays/the-road-to-xanadu-public-and-private-pathways-on-the-history-web/,https://web.archive.org/web/20220629184549/https://rrchnm.org/essay/the-road-to-xanadu-public-and-private-pathways-on-the-history-web/#_ednref38,working
The Road to Xanadu: Public and Private Pathways on the History Web,https://rrchnm.org/essays/the-road-to-xanadu-public-and-private-pathways-on-the-history-web/,https://web.archive.org/web/20220629184549/https://rrchnm.org/essay/the-road-to-xanadu-public-and-private-pathways-on-the-history-web/#_ednref39,working
The Road to Xanadu: Public and Private Pathways on the History Web,https://rrchnm.org/essays/the-road-to-xanadu-public-and-private-pathways-on-the-history-web/,https://web.archive.org/web/20220629184549/http://www.contentville.com/,working
The Road to Xanadu: Public and Private Pathways on the History Web,https://rrchnm.org/essays/the-road-to-xanadu-public-and-private-pathways-on-the-history-web/,https://web.archive.org/web/20220629184549/https://rrchnm.org/essay/the-road-to-xanadu-public-and-private-pathways-on-the-history-web/#_ednref40,working
The Road to Xanadu: Public and Private Pathways on the History Web,https://rrchnm.org/essays/the-road-to-xanadu-public-and-private-pathways-on-the-history-web/,https://web.archive.org/web/20220629184549/http://www.corbis.com/,working
The Road to Xanadu: Public and Private Pathways on the History Web,https://rrchnm.org/essays/the-road-to-xanadu-public-and-private-pathways-on-the-history-web/,https://web.archive.org/web/20220629184549/https://rrchnm.org/essay/the-road-to-xanadu-public-and-private-pathways-on-the-history-web/#_ednref41,working
The Road to Xanadu: Public and Private Pathways on the History Web,https://rrchnm.org/essays/the-road-to-xanadu-public-and-private-pathways-on-the-history-web/,https://web.archive.org/web/20220629184549/https://rrchnm.org/essay/the-road-to-xanadu-public-and-private-pathways-on-the-history-web/#_ednref42,working
The Road to Xanadu: Public and Private Pathways on the History Web,https://rrchnm.org/essays/the-road-to-xanadu-public-and-private-pathways-on-the-history-web/,https://web.archive.org/web/20220629184549/http://www.linguafranca.com/print/0009/inside-ebook.html,status code: 404
The Road to Xanadu: Public and Private Pathways on the History Web,https://rrchnm.org/essays/the-road-to-xanadu-public-and-private-pathways-on-the-history-web/,https://web.archive.org/web/20220629184549/http://www.bizjournals.com/houston/stories/2000/04/10/story2.html,working
The Road to Xanadu: Public and Private Pathways on the History Web,https://rrchnm.org/essays/the-road-to-xanadu-public-and-private-pathways-on-the-history-web/,"https://web.archive.org/web/20220629184549/http://www.wired.com/news/print/0,1294,41543,00.html",status code: 404
The Road to Xanadu: Public and Private Pathways on the History Web,https://rrchnm.org/essays/the-road-to-xanadu-public-and-private-pathways-on-the-history-web/,https://web.archive.org/web/20220629184549/https://rrchnm.org/essay/the-road-to-xanadu-public-and-private-pathways-on-the-history-web/#_ednref43,working
The Road to Xanadu: Public and Private Pathways on the History Web,https://rrchnm.org/essays/the-road-to-xanadu-public-and-private-pathways-on-the-history-web/,https://web.archive.org/web/20220629184549/http://www.harpweek.com/04Products/products-purchase.htm,status code: 404
The Road to Xanadu: Public and Private Pathways on the History Web,https://rrchnm.org/essays/the-road-to-xanadu-public-and-private-pathways-on-the-history-web/,https://web.archive.org/web/20220629184549/https://rrchnm.org/essay/the-road-to-xanadu-public-and-private-pathways-on-the-history-web/#_ednref44,working
The Road to Xanadu: Public and Private Pathways on the History Web,https://rrchnm.org/essays/the-road-to-xanadu-public-and-private-pathways-on-the-history-web/,https://web.archive.org/web/20220629184549/http://nyt.ulib.org/,working
The Road to Xanadu: Public and Private Pathways on the History Web,https://rrchnm.org/essays/the-road-to-xanadu-public-and-private-pathways-on-the-history-web/,https://web.archive.org/web/20220629184549/https://rrchnm.org/essay/the-road-to-xanadu-public-and-private-pathways-on-the-history-web/#_ednref45,working
The Road to Xanadu: Public and Private Pathways on the History Web,https://rrchnm.org/essays/the-road-to-xanadu-public-and-private-pathways-on-the-history-web/,https://web.archive.org/web/20220629184549/http://www.nap.edu/staff/mjensen/aaup99.html,working
The Road to Xanadu: Public and Private Pathways on the History Web,https://rrchnm.org/essays/the-road-to-xanadu-public-and-private-pathways-on-the-history-web/,https://web.archive.org/web/20220629184549/https://rrchnm.org/essay/the-road-to-xanadu-public-and-private-pathways-on-the-history-web/#_ednref46,working
The Road to Xanadu: Public and Private Pathways on the History Web,https://rrchnm.org/essays/the-road-to-xanadu-public-and-private-pathways-on-the-history-web/,https://web.archive.org/web/20220629184549/https://rrchnm.org/essay/the-road-to-xanadu-public-and-private-pathways-on-the-history-web/#_ednref47,working
The Road to Xanadu: Public and Private Pathways on the History Web,https://rrchnm.org/essays/the-road-to-xanadu-public-and-private-pathways-on-the-history-web/,https://web.archive.org/web/20220629184549/http://chnm.gmu.edu/aq,working
The Road to Xanadu: Public and Private Pathways on the History Web,https://rrchnm.org/essays/the-road-to-xanadu-public-and-private-pathways-on-the-history-web/,https://web.archive.org/web/20220629184549/http://muse.jhu.edu/,working
The Road to Xanadu: Public and Private Pathways on the History Web,https://rrchnm.org/essays/the-road-to-xanadu-public-and-private-pathways-on-the-history-web/,https://web.archive.org/web/20220629184549/https://rrchnm.org/essay/the-road-to-xanadu-public-and-private-pathways-on-the-history-web/#_ednref48,working
The Road to Xanadu: Public and Private Pathways on the History Web,https://rrchnm.org/essays/the-road-to-xanadu-public-and-private-pathways-on-the-history-web/,https://web.archive.org/web/20220629184549/http://arxiv.org/show_monthly_submissions,working
The Road to Xanadu: Public and Private Pathways on the History Web,https://rrchnm.org/essays/the-road-to-xanadu-public-and-private-pathways-on-the-history-web/,https://web.archive.org/web/20220629184549/http://www.cogsci.soton.ac.uk/~harnad/Papers/Harnad/harnad99.aslib.html,working
The Road to Xanadu: Public and Private Pathways on the History Web,https://rrchnm.org/essays/the-road-to-xanadu-public-and-private-pathways-on-the-history-web/,https://web.archive.org/web/20220629184549/http://www.dlib.org/dlib/february00/vandesompel-oai/02vandesompel-oai.html,working
The Road to Xanadu: Public and Private Pathways on the History Web,https://rrchnm.org/essays/the-road-to-xanadu-public-and-private-pathways-on-the-history-web/,https://web.archive.org/web/20220629184549/http://www.dlib.org/dlib/december99/12harnad.html,working
The Road to Xanadu: Public and Private Pathways on the History Web,https://rrchnm.org/essays/the-road-to-xanadu-public-and-private-pathways-on-the-history-web/,https://web.archive.org/web/20220629184549/https://rrchnm.org/essay/the-road-to-xanadu-public-and-private-pathways-on-the-history-web/#_ednref49,working
The Road to Xanadu: Public and Private Pathways on the History Web,https://rrchnm.org/essays/the-road-to-xanadu-public-and-private-pathways-on-the-history-web/,https://web.archive.org/web/20220629184549/https://rrchnm.org/essay/the-road-to-xanadu-public-and-private-pathways-on-the-history-web/#_ednref50,working
The Road to Xanadu: Public and Private Pathways on the History Web,https://rrchnm.org/essays/the-road-to-xanadu-public-and-private-pathways-on-the-history-web/,https://web.archive.org/web/20220629184549/http://www.arl.org/scomm/epub/papers/,status code: 404
The Road to Xanadu: Public and Private Pathways on the History Web,https://rrchnm.org/essays/the-road-to-xanadu-public-and-private-pathways-on-the-history-web/,https://web.archive.org/web/20220629184549/https://rrchnm.org/essay/the-road-to-xanadu-public-and-private-pathways-on-the-history-web/#_ednref51,working
The Road to Xanadu: Public and Private Pathways on the History Web,https://rrchnm.org/essays/the-road-to-xanadu-public-and-private-pathways-on-the-history-web/,https://web.archive.org/web/20220629184549/https://rrchnm.org/essay/the-road-to-xanadu-public-and-private-pathways-on-the-history-web/#_ednref52,working
The Road to Xanadu: Public and Private Pathways on the History Web,https://rrchnm.org/essays/the-road-to-xanadu-public-and-private-pathways-on-the-history-web/,https://web.archive.org/web/20220629184549/http://www.ncis.org/history.htm,status code: 404
The Road to Xanadu: Public and Private Pathways on the History Web,https://rrchnm.org/essays/the-road-to-xanadu-public-and-private-pathways-on-the-history-web/,https://web.archive.org/web/20220629184549/https://rrchnm.org/essay/the-road-to-xanadu-public-and-private-pathways-on-the-history-web/#_ednref53,working
The Road to Xanadu: Public and Private Pathways on the History Web,https://rrchnm.org/essays/the-road-to-xanadu-public-and-private-pathways-on-the-history-web/,https://web.archive.org/web/20220629184549/http://commons.somewhere.com/rre/1998/notes.and.recommendation2.html,status code: 404
The Road to Xanadu: Public and Private Pathways on the History Web,https://rrchnm.org/essays/the-road-to-xanadu-public-and-private-pathways-on-the-history-web/,https://web.archive.org/web/20220629184549/https://rrchnm.org/essay/the-road-to-xanadu-public-and-private-pathways-on-the-history-web/#_ednref54,working
The Road to Xanadu: Public and Private Pathways on the History Web,https://rrchnm.org/essays/the-road-to-xanadu-public-and-private-pathways-on-the-history-web/,https://web.archive.org/web/20220629184549/http://www.epnet.com/bground2.html,status code: 404
The Road to Xanadu: Public and Private Pathways on the History Web,https://rrchnm.org/essays/the-road-to-xanadu-public-and-private-pathways-on-the-history-web/,https://web.archive.org/web/20220629184549/http://www.infotoday.com/newsbreaks/nb0713-3.htm,working
The Road to Xanadu: Public and Private Pathways on the History Web,https://rrchnm.org/essays/the-road-to-xanadu-public-and-private-pathways-on-the-history-web/,https://web.archive.org/web/20220629184549/http://www.nytimes.com/2001/01/13/technology/13BELL.html,working
The Road to Xanadu: Public and Private Pathways on the History Web,https://rrchnm.org/essays/the-road-to-xanadu-public-and-private-pathways-on-the-history-web/,https://web.archive.org/web/20220629184549/https://rrchnm.org/essay/the-road-to-xanadu-public-and-private-pathways-on-the-history-web/#_ednref55,working
The Road to Xanadu: Public and Private Pathways on the History Web,https://rrchnm.org/essays/the-road-to-xanadu-public-and-private-pathways-on-the-history-web/,https://web.archive.org/web/20220629184549/http://www.bigchalk.com/,working
The Road to Xanadu: Public and Private Pathways on the History Web,https://rrchnm.org/essays/the-road-to-xanadu-public-and-private-pathways-on-the-history-web/,https://web.archive.org/web/20220629184549/https://rrchnm.org/essay/the-road-to-xanadu-public-and-private-pathways-on-the-history-web/#_ednref56,working
The Road to Xanadu: Public and Private Pathways on the History Web,https://rrchnm.org/essays/the-road-to-xanadu-public-and-private-pathways-on-the-history-web/,https://web.archive.org/web/20220629184549/http://www.lightspan.com/,working
The Road to Xanadu: Public and Private Pathways on the History Web,https://rrchnm.org/essays/the-road-to-xanadu-public-and-private-pathways-on-the-history-web/,https://web.archive.org/web/20220629184549/http://network.historychannel.com/index.asp?page=home,working
The Road to Xanadu: Public and Private Pathways on the History Web,https://rrchnm.org/essays/the-road-to-xanadu-public-and-private-pathways-on-the-history-web/,https://web.archive.org/web/20220629184549/http://www.thehistorynet.com/forms/adinfo.htm,working
The Road to Xanadu: Public and Private Pathways on the History Web,https://rrchnm.org/essays/the-road-to-xanadu-public-and-private-pathways-on-the-history-web/,https://web.archive.org/web/20220629184549/https://rrchnm.org/essay/the-road-to-xanadu-public-and-private-pathways-on-the-history-web/#_ednref57,working
The Road to Xanadu: Public and Private Pathways on the History Web,https://rrchnm.org/essays/the-road-to-xanadu-public-and-private-pathways-on-the-history-web/,https://web.archive.org/web/20220629184549/http://ourstory.about.com/index.htm?PM=59_1100_T,working
The Road to Xanadu: Public and Private Pathways on the History Web,https://rrchnm.org/essays/the-road-to-xanadu-public-and-private-pathways-on-the-history-web/,https://web.archive.org/web/20220629184549/https://rrchnm.org/essay/the-road-to-xanadu-public-and-private-pathways-on-the-history-web/#_ednref58,working
The Road to Xanadu: Public and Private Pathways on the History Web,https://rrchnm.org/essays/the-road-to-xanadu-public-and-private-pathways-on-the-history-web/,https://web.archive.org/web/20220629184549/http://www.adrelevance.com/intelligence/intel_archive.jsp,working
The Road to Xanadu: Public and Private Pathways on the History Web,https://rrchnm.org/essays/the-road-to-xanadu-public-and-private-pathways-on-the-history-web/,https://web.archive.org/web/20220629184549/https://rrchnm.org/essay/the-road-to-xanadu-public-and-private-pathways-on-the-history-web/#_ednref59,working
The Road to Xanadu: Public and Private Pathways on the History Web,https://rrchnm.org/essays/the-road-to-xanadu-public-and-private-pathways-on-the-history-web/,https://web.archive.org/web/20220629184549/https://rrchnm.org/essay/the-road-to-xanadu-public-and-private-pathways-on-the-history-web/#_ednref60,working
The Road to Xanadu: Public and Private Pathways on the History Web,https://rrchnm.org/essays/the-road-to-xanadu-public-and-private-pathways-on-the-history-web/,https://web.archive.org/web/20220629184549/http://www.adrelevance.com/intelligence/intel_report_000905.pdf,status code: 404
The Road to Xanadu: Public and Private Pathways on the History Web,https://rrchnm.org/essays/the-road-to-xanadu-public-and-private-pathways-on-the-history-web/,https://web.archive.org/web/20220629184549/https://rrchnm.org/essay/the-road-to-xanadu-public-and-private-pathways-on-the-history-web/#_ednref61,working
The Road to Xanadu: Public and Private Pathways on the History Web,https://rrchnm.org/essays/the-road-to-xanadu-public-and-private-pathways-on-the-history-web/,https://web.archive.org/web/20220629184549/http://www.infotoday.com/newsbreaks/nb010430-1.htm,working
The Road to Xanadu: Public and Private Pathways on the History Web,https://rrchnm.org/essays/the-road-to-xanadu-public-and-private-pathways-on-the-history-web/,https://web.archive.org/web/20220629184549/https://rrchnm.org/essay/the-road-to-xanadu-public-and-private-pathways-on-the-history-web/#_ednref62,working
The Road to Xanadu: Public and Private Pathways on the History Web,https://rrchnm.org/essays/the-road-to-xanadu-public-and-private-pathways-on-the-history-web/,https://web.archive.org/web/20220629184549/http://www.thestreet.com/_yahoo/markets/onthelevel/1199748.html,status code: 404
The Road to Xanadu: Public and Private Pathways on the History Web,https://rrchnm.org/essays/the-road-to-xanadu-public-and-private-pathways-on-the-history-web/,https://web.archive.org/web/20220629184549/http://public.wsj.com/sn/y/SB981035131440666351.html,status code: 404
The Road to Xanadu: Public and Private Pathways on the History Web,https://rrchnm.org/essays/the-road-to-xanadu-public-and-private-pathways-on-the-history-web/,https://web.archive.org/web/20220629184549/https://rrchnm.org/essay/the-road-to-xanadu-public-and-private-pathways-on-the-history-web/#_ednref63,working
The Road to Xanadu: Public and Private Pathways on the History Web,https://rrchnm.org/essays/the-road-to-xanadu-public-and-private-pathways-on-the-history-web/,https://web.archive.org/web/20220629184549/http://www.forbes.com/forbes/2000/1113/6613228a.html,working
The Road to Xanadu: Public and Private Pathways on the History Web,https://rrchnm.org/essays/the-road-to-xanadu-public-and-private-pathways-on-the-history-web/,"https://web.archive.org/web/20220629184549/http://www.wired.com/news/culture/0,1284,13298,00.html",status code: 404
The Road to Xanadu: Public and Private Pathways on the History Web,https://rrchnm.org/essays/the-road-to-xanadu-public-and-private-pathways-on-the-history-web/,https://web.archive.org/web/20220629184549/http://www.infotoday.com/it/sep98/jacso.htm,working
The Road to Xanadu: Public and Private Pathways on the History Web,https://rrchnm.org/essays/the-road-to-xanadu-public-and-private-pathways-on-the-history-web/,https://web.archive.org/web/20220629184549/http://www.umi.com/hp/News/Reviews/SiteBuilder.html,status code: 404
The Road to Xanadu: Public and Private Pathways on the History Web,https://rrchnm.org/essays/the-road-to-xanadu-public-and-private-pathways-on-the-history-web/,https://web.archive.org/web/20220629184549/http://www.proquest.com/division/pr/00/20000322.shtml,status code: 404
The Road to Xanadu: Public and Private Pathways on the History Web,https://rrchnm.org/essays/the-road-to-xanadu-public-and-private-pathways-on-the-history-web/,https://web.archive.org/web/20220629184549/https://rrchnm.org/essay/the-road-to-xanadu-public-and-private-pathways-on-the-history-web/#_ednref64,working
The Road to Xanadu: Public and Private Pathways on the History Web,https://rrchnm.org/essays/the-road-to-xanadu-public-and-private-pathways-on-the-history-web/,https://web.archive.org/web/20220629184549/https://rrchnm.org/essay/the-road-to-xanadu-public-and-private-pathways-on-the-history-web/#_ednref65,working
The Road to Xanadu: Public and Private Pathways on the History Web,https://rrchnm.org/essays/the-road-to-xanadu-public-and-private-pathways-on-the-history-web/,https://web.archive.org/web/20220629184549/http://www.dlib.org/dlib/july00/arms/07arms.html,working
The Road to Xanadu: Public and Private Pathways on the History Web,https://rrchnm.org/essays/the-road-to-xanadu-public-and-private-pathways-on-the-history-web/,https://web.archive.org/web/20220629184549/https://rrchnm.org/essay/the-road-to-xanadu-public-and-private-pathways-on-the-history-web/#_ednref66,working
The Road to Xanadu: Public and Private Pathways on the History Web,https://rrchnm.org/essays/the-road-to-xanadu-public-and-private-pathways-on-the-history-web/,https://web.archive.org/web/20220629184549/http://www.arl.org/sparc/DI/,status code: 404
The Road to Xanadu: Public and Private Pathways on the History Web,https://rrchnm.org/essays/the-road-to-xanadu-public-and-private-pathways-on-the-history-web/,https://web.archive.org/web/20220629184549/https://rrchnm.org/essay/the-road-to-xanadu-public-and-private-pathways-on-the-history-web/#_ednref67,working
Using New Media to Teach East European History,https://rrchnm.org/essays/using-new-media-to-teach-east-european-history/,https://web.archive.org/web/20220629185510/https://rrchnm.org/essay/using-new-media-to-teach-east-european-history/#_edn1,working
Using New Media to Teach East European History,https://rrchnm.org/essays/using-new-media-to-teach-east-european-history/,https://web.archive.org/web/20220629185510/https://rrchnm.org/essay/using-new-media-to-teach-east-european-history/#_edn2,working
Using New Media to Teach East European History,https://rrchnm.org/essays/using-new-media-to-teach-east-european-history/,https://web.archive.org/web/20220629185510/https://rrchnm.org/essay/using-new-media-to-teach-east-european-history/#_edn3,working
Using New Media to Teach East European History,https://rrchnm.org/essays/using-new-media-to-teach-east-european-history/,https://web.archive.org/web/20220629185510/https://rrchnm.org/essay/using-new-media-to-teach-east-european-history/#_edn4,working
Using New Media to Teach East European History,https://rrchnm.org/essays/using-new-media-to-teach-east-european-history/,https://web.archive.org/web/20220629185510/https://rrchnm.org/essay/using-new-media-to-teach-east-european-history/#_edn5,working
Using New Media to Teach East European History,https://rrchnm.org/essays/using-new-media-to-teach-east-european-history/,https://web.archive.org/web/20220629185510/https://rrchnm.org/essay/using-new-media-to-teach-east-european-history/#_edn6,working
Using New Media to Teach East European History,https://rrchnm.org/essays/using-new-media-to-teach-east-european-history/,https://web.archive.org/web/20220629185510/https://rrchnm.org/essay/using-new-media-to-teach-east-european-history/#_edn7,working
Using New Media to Teach East European History,https://rrchnm.org/essays/using-new-media-to-teach-east-european-history/,https://web.archive.org/web/20220629185510/https://rrchnm.org/essay/using-new-media-to-teach-east-european-history/#_edn8,working
Using New Media to Teach East European History,https://rrchnm.org/essays/using-new-media-to-teach-east-european-history/,https://web.archive.org/web/20220629185510/https://rrchnm.org/essay/using-new-media-to-teach-east-european-history/#_edn9,working
Using New Media to Teach East European History,https://rrchnm.org/essays/using-new-media-to-teach-east-european-history/,https://web.archive.org/web/20220629185510/https://rrchnm.org/essay/using-new-media-to-teach-east-european-history/#_edn10,working
Using New Media to Teach East European History,https://rrchnm.org/essays/using-new-media-to-teach-east-european-history/,https://web.archive.org/web/20220629185510/https://rrchnm.org/essay/using-new-media-to-teach-east-european-history/#_edn11,working
Using New Media to Teach East European History,https://rrchnm.org/essays/using-new-media-to-teach-east-european-history/,https://web.archive.org/web/20220629185510/https://rrchnm.org/essay/using-new-media-to-teach-east-european-history/#_edn12,working
Using New Media to Teach East European History,https://rrchnm.org/essays/using-new-media-to-teach-east-european-history/,https://web.archive.org/web/20220629185510/https://rrchnm.org/essay/using-new-media-to-teach-east-european-history/#_edn13,working
Using New Media to Teach East European History,https://rrchnm.org/essays/using-new-media-to-teach-east-european-history/,https://web.archive.org/web/20220629185510/https://rrchnm.org/essay/using-new-media-to-teach-east-european-history/#_edn14,working
Using New Media to Teach East European History,https://rrchnm.org/essays/using-new-media-to-teach-east-european-history/,https://web.archive.org/web/20220629185510/https://rrchnm.org/essay/using-new-media-to-teach-east-european-history/#_edn15,working
Using New Media to Teach East European History,https://rrchnm.org/essays/using-new-media-to-teach-east-european-history/,https://web.archive.org/web/20220629185510/https://rrchnm.org/essay/using-new-media-to-teach-east-european-history/#_edn16,working
Using New Media to Teach East European History,https://rrchnm.org/essays/using-new-media-to-teach-east-european-history/,https://web.archive.org/web/20220629185510/https://rrchnm.org/essay/using-new-media-to-teach-east-european-history/#_edn17,working
Using New Media to Teach East European History,https://rrchnm.org/essays/using-new-media-to-teach-east-european-history/,https://web.archive.org/web/20220629185510/https://rrchnm.org/essay/using-new-media-to-teach-east-european-history/#_edn18,working
Using New Media to Teach East European History,https://rrchnm.org/essays/using-new-media-to-teach-east-european-history/,https://web.archive.org/web/20220629185510/https://rrchnm.org/essay/using-new-media-to-teach-east-european-history/#_edn19,working
Using New Media to Teach East European History,https://rrchnm.org/essays/using-new-media-to-teach-east-european-history/,https://web.archive.org/web/20220629185510/https://rrchnm.org/essay/using-new-media-to-teach-east-european-history/#_edn20,working
Using New Media to Teach East European History,https://rrchnm.org/essays/using-new-media-to-teach-east-european-history/,https://web.archive.org/web/20220629185510/https://rrchnm.org/essay/using-new-media-to-teach-east-european-history/#_ednref1,working
Using New Media to Teach East European History,https://rrchnm.org/essays/using-new-media-to-teach-east-european-history/,https://web.archive.org/web/20220629185510/http://www.eskimo.com/~billb/hum/hum1.html,working
Using New Media to Teach East European History,https://rrchnm.org/essays/using-new-media-to-teach-east-european-history/,https://web.archive.org/web/20220629185510/https://rrchnm.org/essay/using-new-media-to-teach-east-european-history/#_ednref2,working
Using New Media to Teach East European History,https://rrchnm.org/essays/using-new-media-to-teach-east-european-history/,https://web.archive.org/web/20220629185510/http://mcel.pacificu.edu/JAHC/JAHCIII2/ARTICLES/anderson/index.html,working
Using New Media to Teach East European History,https://rrchnm.org/essays/using-new-media-to-teach-east-european-history/,https://web.archive.org/web/20220629185510/https://rrchnm.org/essay/using-new-media-to-teach-east-european-history/#_ednref3,working
Using New Media to Teach East European History,https://rrchnm.org/essays/using-new-media-to-teach-east-european-history/,https://web.archive.org/web/20220629185510/http://www.greenfieldcentral.com/,working
Using New Media to Teach East European History,https://rrchnm.org/essays/using-new-media-to-teach-east-european-history/,https://web.archive.org/web/20220629185510/https://rrchnm.org/essay/using-new-media-to-teach-east-european-history/#_ednref4,working
Using New Media to Teach East European History,https://rrchnm.org/essays/using-new-media-to-teach-east-european-history/,https://web.archive.org/web/20220629185510/http://www2.tltc.ttu.edu/kelly/Articles/petrik.htm,status code: 404
Using New Media to Teach East European History,https://rrchnm.org/essays/using-new-media-to-teach-east-european-history/,https://web.archive.org/web/20220629185510/https://rrchnm.org/essay/using-new-media-to-teach-east-european-history/#_ednref5,working
Using New Media to Teach East European History,https://rrchnm.org/essays/using-new-media-to-teach-east-european-history/,https://web.archive.org/web/20220629185510/http://www.jcu.edu.au/aff/history/articles/davison.htm,status code: 404
Using New Media to Teach East European History,https://rrchnm.org/essays/using-new-media-to-teach-east-european-history/,https://web.archive.org/web/20220629185510/http://www.wws.princeton.edu/~snkatz/papers/uvatlk.html,status code: 404
Using New Media to Teach East European History,https://rrchnm.org/essays/using-new-media-to-teach-east-european-history/,https://web.archive.org/web/20220629185510/https://rrchnm.org/essay/using-new-media-to-teach-east-european-history/#_ednref6,working
Using New Media to Teach East European History,https://rrchnm.org/essays/using-new-media-to-teach-east-european-history/,https://web.archive.org/web/20220629185510/https://rrchnm.org/essay/using-new-media-to-teach-east-european-history/#_ednref7,working
Using New Media to Teach East European History,https://rrchnm.org/essays/using-new-media-to-teach-east-european-history/,https://web.archive.org/web/20220629185510/http://hca.ltsn.ac.uk/conf/ns-research.htm,status code: 404
Using New Media to Teach East European History,https://rrchnm.org/essays/using-new-media-to-teach-east-european-history/,https://web.archive.org/web/20220629185510/http://hca.ltsn.ac.uk/,working
Using New Media to Teach East European History,https://rrchnm.org/essays/using-new-media-to-teach-east-european-history/,https://web.archive.org/web/20220629185510/https://rrchnm.org/essay/using-new-media-to-teach-east-european-history/#_ednref8,working
Using New Media to Teach East European History,https://rrchnm.org/essays/using-new-media-to-teach-east-european-history/,https://web.archive.org/web/20220629185510/https://rrchnm.org/essay/using-new-media-to-teach-east-european-history/#_ednref9,working
Using New Media to Teach East European History,https://rrchnm.org/essays/using-new-media-to-teach-east-european-history/,https://web.archive.org/web/20220629185510/http://mcel.pacificu.edu/JAHC/JAHCIII2/ARTICLES/kelly/kelly.html,working
Using New Media to Teach East European History,https://rrchnm.org/essays/using-new-media-to-teach-east-european-history/,https://web.archive.org/web/20220629185510/https://rrchnm.org/essay/using-new-media-to-teach-east-european-history/#_ednref10,working
Using New Media to Teach East European History,https://rrchnm.org/essays/using-new-media-to-teach-east-european-history/,https://web.archive.org/web/20220629185510/http://scholar.lib.vt.edu/ejournals/JTE/v7n1/gokhale.jte-v7n1.html,working
Using New Media to Teach East European History,https://rrchnm.org/essays/using-new-media-to-teach-east-european-history/,https://web.archive.org/web/20220629185510/https://rrchnm.org/essay/using-new-media-to-teach-east-european-history/#_ednref11,working
Using New Media to Teach East European History,https://rrchnm.org/essays/using-new-media-to-teach-east-european-history/,https://web.archive.org/web/20220629185510/http://www.theaha.org/teaching/aahe/aahecover.html,status code: 404
Using New Media to Teach East European History,https://rrchnm.org/essays/using-new-media-to-teach-east-european-history/,https://web.archive.org/web/20220629185510/https://rrchnm.org/essay/using-new-media-to-teach-east-european-history/#_ednref12,working
Using New Media to Teach East European History,https://rrchnm.org/essays/using-new-media-to-teach-east-european-history/,https://web.archive.org/web/20220629185510/https://rrchnm.org/essay/using-new-media-to-teach-east-european-history/#_ednref12,working
Using New Media to Teach East European History,https://rrchnm.org/essays/using-new-media-to-teach-east-european-history/,https://web.archive.org/web/20220629185510/https://rrchnm.org/essay/using-new-media-to-teach-east-european-history/#_ednref13,working
Using New Media to Teach East European History,https://rrchnm.org/essays/using-new-media-to-teach-east-european-history/,https://web.archive.org/web/20220629185510/https://rrchnm.org/essay/using-new-media-to-teach-east-european-history/#_ednref14,working
Using New Media to Teach East European History,https://rrchnm.org/essays/using-new-media-to-teach-east-european-history/,https://web.archive.org/web/20220629185510/http://kml2.carnegiefoundation.org/gallery/ebarkley/,working
Using New Media to Teach East European History,https://rrchnm.org/essays/using-new-media-to-teach-east-european-history/,https://web.archive.org/web/20220629185510/http://www.carnegiefoundation.org/,working
Using New Media to Teach East European History,https://rrchnm.org/essays/using-new-media-to-teach-east-european-history/,https://web.archive.org/web/20220629185510/https://rrchnm.org/essay/using-new-media-to-teach-east-european-history/#_ednref15,working
Using New Media to Teach East European History,https://rrchnm.org/essays/using-new-media-to-teach-east-european-history/,https://web.archive.org/web/20220629185510/https://rrchnm.org/essay/using-new-media-to-teach-east-european-history/#_ednref16,working
Using New Media to Teach East European History,https://rrchnm.org/essays/using-new-media-to-teach-east-european-history/,https://web.archive.org/web/20220629185510/https://rrchnm.org/essay/using-new-media-to-teach-east-european-history/#_ednref17,working
Using New Media to Teach East European History,https://rrchnm.org/essays/using-new-media-to-teach-east-european-history/,https://web.archive.org/web/20220629185510/http://www.russianhistory.org/ResourcePages/Tendentious/Tendentious%20Pages.html,working
Using New Media to Teach East European History,https://rrchnm.org/essays/using-new-media-to-teach-east-european-history/,https://web.archive.org/web/20220629185510/http://www.library.ucla.edu/libraries/college/help/critical/index.htm,status code: 404
Using New Media to Teach East European History,https://rrchnm.org/essays/using-new-media-to-teach-east-european-history/,https://web.archive.org/web/20220629185510/http://www.ithaca.edu/library/Training/hott.html,working
Using New Media to Teach East European History,https://rrchnm.org/essays/using-new-media-to-teach-east-european-history/,https://web.archive.org/web/20220629185510/https://rrchnm.org/essay/using-new-media-to-teach-east-european-history/#_ednref18,working
Using New Media to Teach East European History,https://rrchnm.org/essays/using-new-media-to-teach-east-european-history/,https://web.archive.org/web/20220629185510/http://www.dalmatia.net/croatia/history/index.htm,status code: 503
Using New Media to Teach East European History,https://rrchnm.org/essays/using-new-media-to-teach-east-european-history/,https://web.archive.org/web/20220629185510/http://www.ustasha.com/,status code: 404
Using New Media to Teach East European History,https://rrchnm.org/essays/using-new-media-to-teach-east-european-history/,https://web.archive.org/web/20220629185510/http://www.ustasha.com/,status code: 404
Using New Media to Teach East European History,https://rrchnm.org/essays/using-new-media-to-teach-east-european-history/,https://web.archive.org/web/20220629185510/https://rrchnm.org/essay/using-new-media-to-teach-east-european-history/#_ednref19,working
Using New Media to Teach East European History,https://rrchnm.org/essays/using-new-media-to-teach-east-european-history/,https://web.archive.org/web/20220629185510/https://rrchnm.org/essay/using-new-media-to-teach-east-european-history/#_ednref20,working
Using New Media to Teach East European History,https://rrchnm.org/essays/using-new-media-to-teach-east-european-history/,https://web.archive.org/web/20220629185510/http://www2.h-net.msu.edu/~habsweb/syllabi/kosovo.html,working
Evaluating Websites for History Teachers: Using History Matters in a Graduate Seminar,https://rrchnm.org/essays/evaluating-websites-for-history-teachers-using-history-matters-in-a-graduate-seminar/,https://web.archive.org/web/20220629194545/https://rrchnm.org/essay/evaluating-websites-for-history-teachers-using-history-matters-in-a-graduate-seminar/#_edn1,working
Evaluating Websites for History Teachers: Using History Matters in a Graduate Seminar,https://rrchnm.org/essays/evaluating-websites-for-history-teachers-using-history-matters-in-a-graduate-seminar/,https://web.archive.org/web/20220629194545/https://rrchnm.org/essay/evaluating-websites-for-history-teachers-using-history-matters-in-a-graduate-seminar/#_edn2,working
Evaluating Websites for History Teachers: Using History Matters in a Graduate Seminar,https://rrchnm.org/essays/evaluating-websites-for-history-teachers-using-history-matters-in-a-graduate-seminar/,https://web.archive.org/web/20220629194545/https://rrchnm.org/essay/evaluating-websites-for-history-teachers-using-history-matters-in-a-graduate-seminar/#_edn3,working
Evaluating Websites for History Teachers: Using History Matters in a Graduate Seminar,https://rrchnm.org/essays/evaluating-websites-for-history-teachers-using-history-matters-in-a-graduate-seminar/,https://web.archive.org/web/20220629194545/https://rrchnm.org/essay/evaluating-websites-for-history-teachers-using-history-matters-in-a-graduate-seminar/#_edn4,working
Evaluating Websites for History Teachers: Using History Matters in a Graduate Seminar,https://rrchnm.org/essays/evaluating-websites-for-history-teachers-using-history-matters-in-a-graduate-seminar/,https://web.archive.org/web/20220629194545/https://rrchnm.org/essay/evaluating-websites-for-history-teachers-using-history-matters-in-a-graduate-seminar/#_edn5,working
Evaluating Websites for History Teachers: Using History Matters in a Graduate Seminar,https://rrchnm.org/essays/evaluating-websites-for-history-teachers-using-history-matters-in-a-graduate-seminar/,https://web.archive.org/web/20220629194545/https://rrchnm.org/essay/evaluating-websites-for-history-teachers-using-history-matters-in-a-graduate-seminar/#_edn6,working
Evaluating Websites for History Teachers: Using History Matters in a Graduate Seminar,https://rrchnm.org/essays/evaluating-websites-for-history-teachers-using-history-matters-in-a-graduate-seminar/,https://web.archive.org/web/20220629194545/https://rrchnm.org/essay/evaluating-websites-for-history-teachers-using-history-matters-in-a-graduate-seminar/#_edn7,working
Evaluating Websites for History Teachers: Using History Matters in a Graduate Seminar,https://rrchnm.org/essays/evaluating-websites-for-history-teachers-using-history-matters-in-a-graduate-seminar/,https://web.archive.org/web/20220629194545/https://rrchnm.org/essay/evaluating-websites-for-history-teachers-using-history-matters-in-a-graduate-seminar/#_edn8,working
Evaluating Websites for History Teachers: Using History Matters in a Graduate Seminar,https://rrchnm.org/essays/evaluating-websites-for-history-teachers-using-history-matters-in-a-graduate-seminar/,https://web.archive.org/web/20220629194545/https://rrchnm.org/essay/evaluating-websites-for-history-teachers-using-history-matters-in-a-graduate-seminar/#_edn9,working
Evaluating Websites for History Teachers: Using History Matters in a Graduate Seminar,https://rrchnm.org/essays/evaluating-websites-for-history-teachers-using-history-matters-in-a-graduate-seminar/,https://web.archive.org/web/20220629194545/https://rrchnm.org/essay/evaluating-websites-for-history-teachers-using-history-matters-in-a-graduate-seminar/#_edn10,working
Evaluating Websites for History Teachers: Using History Matters in a Graduate Seminar,https://rrchnm.org/essays/evaluating-websites-for-history-teachers-using-history-matters-in-a-graduate-seminar/,https://web.archive.org/web/20220629194545/https://rrchnm.org/essay/evaluating-websites-for-history-teachers-using-history-matters-in-a-graduate-seminar/#_edn11,working
Evaluating Websites for History Teachers: Using History Matters in a Graduate Seminar,https://rrchnm.org/essays/evaluating-websites-for-history-teachers-using-history-matters-in-a-graduate-seminar/,https://web.archive.org/web/20220629194545/https://rrchnm.org/essay/evaluating-websites-for-history-teachers-using-history-matters-in-a-graduate-seminar/#_edn12,working
Evaluating Websites for History Teachers: Using History Matters in a Graduate Seminar,https://rrchnm.org/essays/evaluating-websites-for-history-teachers-using-history-matters-in-a-graduate-seminar/,https://web.archive.org/web/20220629194545/https://rrchnm.org/essay/evaluating-websites-for-history-teachers-using-history-matters-in-a-graduate-seminar/#_edn13,working
Evaluating Websites for History Teachers: Using History Matters in a Graduate Seminar,https://rrchnm.org/essays/evaluating-websites-for-history-teachers-using-history-matters-in-a-graduate-seminar/,https://web.archive.org/web/20220629194545/https://rrchnm.org/essay/evaluating-websites-for-history-teachers-using-history-matters-in-a-graduate-seminar/#_edn14,working
Evaluating Websites for History Teachers: Using History Matters in a Graduate Seminar,https://rrchnm.org/essays/evaluating-websites-for-history-teachers-using-history-matters-in-a-graduate-seminar/,https://web.archive.org/web/20220629194545/https://rrchnm.org/essay/evaluating-websites-for-history-teachers-using-history-matters-in-a-graduate-seminar/#_edn15,working
Evaluating Websites for History Teachers: Using History Matters in a Graduate Seminar,https://rrchnm.org/essays/evaluating-websites-for-history-teachers-using-history-matters-in-a-graduate-seminar/,https://web.archive.org/web/20220629194545/https://rrchnm.org/essay/evaluating-websites-for-history-teachers-using-history-matters-in-a-graduate-seminar/#_edn16,working
Evaluating Websites for History Teachers: Using History Matters in a Graduate Seminar,https://rrchnm.org/essays/evaluating-websites-for-history-teachers-using-history-matters-in-a-graduate-seminar/,https://web.archive.org/web/20220629194545/https://rrchnm.org/essay/evaluating-websites-for-history-teachers-using-history-matters-in-a-graduate-seminar/#_edn17,working
Evaluating Websites for History Teachers: Using History Matters in a Graduate Seminar,https://rrchnm.org/essays/evaluating-websites-for-history-teachers-using-history-matters-in-a-graduate-seminar/,https://web.archive.org/web/20220629194545/https://rrchnm.org/essay/evaluating-websites-for-history-teachers-using-history-matters-in-a-graduate-seminar/#_ednref1,working
Evaluating Websites for History Teachers: Using History Matters in a Graduate Seminar,https://rrchnm.org/essays/evaluating-websites-for-history-teachers-using-history-matters-in-a-graduate-seminar/,https://web.archive.org/web/20220629194545/http://www.millersville.edu/~tweis/hist610.html,status code: 404
Evaluating Websites for History Teachers: Using History Matters in a Graduate Seminar,https://rrchnm.org/essays/evaluating-websites-for-history-teachers-using-history-matters-in-a-graduate-seminar/,https://web.archive.org/web/20220629194545/https://rrchnm.org/essay/evaluating-websites-for-history-teachers-using-history-matters-in-a-graduate-seminar/#_ednref2,working
Evaluating Websites for History Teachers: Using History Matters in a Graduate Seminar,https://rrchnm.org/essays/evaluating-websites-for-history-teachers-using-history-matters-in-a-graduate-seminar/,https://web.archive.org/web/20220629194545/http://historymatters.gmu.edu/,working
Evaluating Websites for History Teachers: Using History Matters in a Graduate Seminar,https://rrchnm.org/essays/evaluating-websites-for-history-teachers-using-history-matters-in-a-graduate-seminar/,https://web.archive.org/web/20220629194545/http://chnm.gmu.edu/,working
Evaluating Websites for History Teachers: Using History Matters in a Graduate Seminar,https://rrchnm.org/essays/evaluating-websites-for-history-teachers-using-history-matters-in-a-graduate-seminar/,https://web.archive.org/web/20220629194545/http://www.ashp.cuny.edu/,working
Evaluating Websites for History Teachers: Using History Matters in a Graduate Seminar,https://rrchnm.org/essays/evaluating-websites-for-history-teachers-using-history-matters-in-a-graduate-seminar/,https://web.archive.org/web/20220629194545/http://www2.h-net.msu.edu/,working
Evaluating Websites for History Teachers: Using History Matters in a Graduate Seminar,https://rrchnm.org/essays/evaluating-websites-for-history-teachers-using-history-matters-in-a-graduate-seminar/,https://web.archive.org/web/20220629194545/http://chnm.gmu.edu/aq/,working
Evaluating Websites for History Teachers: Using History Matters in a Graduate Seminar,https://rrchnm.org/essays/evaluating-websites-for-history-teachers-using-history-matters-in-a-graduate-seminar/,https://web.archive.org/web/20220629194545/https://rrchnm.org/essay/evaluating-websites-for-history-teachers-using-history-matters-in-a-graduate-seminar/#_ednref3,working
Evaluating Websites for History Teachers: Using History Matters in a Graduate Seminar,https://rrchnm.org/essays/evaluating-websites-for-history-teachers-using-history-matters-in-a-graduate-seminar/,https://web.archive.org/web/20220629194545/http://chnm.gmu.edu/assets/historyessays/garden.html,working
Evaluating Websites for History Teachers: Using History Matters in a Graduate Seminar,https://rrchnm.org/essays/evaluating-websites-for-history-teachers-using-history-matters-in-a-graduate-seminar/,https://web.archive.org/web/20220629194545/https://rrchnm.org/essay/evaluating-websites-for-history-teachers-using-history-matters-in-a-graduate-seminar/#_ednref4,working
Evaluating Websites for History Teachers: Using History Matters in a Graduate Seminar,https://rrchnm.org/essays/evaluating-websites-for-history-teachers-using-history-matters-in-a-graduate-seminar/,https://web.archive.org/web/20220629194545/http://www.worldwar1.com/,working
Evaluating Websites for History Teachers: Using History Matters in a Graduate Seminar,https://rrchnm.org/essays/evaluating-websites-for-history-teachers-using-history-matters-in-a-graduate-seminar/,https://web.archive.org/web/20220629194545/http://www.lib.byu.edu/~rdh/wwi,working
Evaluating Websites for History Teachers: Using History Matters in a Graduate Seminar,https://rrchnm.org/essays/evaluating-websites-for-history-teachers-using-history-matters-in-a-graduate-seminar/,https://web.archive.org/web/20220629194545/https://rrchnm.org/essay/evaluating-websites-for-history-teachers-using-history-matters-in-a-graduate-seminar/#_ednref5,working
Evaluating Websites for History Teachers: Using History Matters in a Graduate Seminar,https://rrchnm.org/essays/evaluating-websites-for-history-teachers-using-history-matters-in-a-graduate-seminar/,https://web.archive.org/web/20220629194545/http://historymatters.gmu.edu/,working
Evaluating Websites for History Teachers: Using History Matters in a Graduate Seminar,https://rrchnm.org/essays/evaluating-websites-for-history-teachers-using-history-matters-in-a-graduate-seminar/,https://web.archive.org/web/20220629194545/https://rrchnm.org/essay/evaluating-websites-for-history-teachers-using-history-matters-in-a-graduate-seminar/#_ednref6,working
Evaluating Websites for History Teachers: Using History Matters in a Graduate Seminar,https://rrchnm.org/essays/evaluating-websites-for-history-teachers-using-history-matters-in-a-graduate-seminar/,https://web.archive.org/web/20220629194545/https://rrchnm.org/essay/evaluating-websites-for-history-teachers-using-history-matters-in-a-graduate-seminar/#_ednref7,working
Evaluating Websites for History Teachers: Using History Matters in a Graduate Seminar,https://rrchnm.org/essays/evaluating-websites-for-history-teachers-using-history-matters-in-a-graduate-seminar/,https://web.archive.org/web/20220629194545/http://historymatters.gmu.edu/syllabi/jaffeeintro.html,status code: 404
Evaluating Websites for History Teachers: Using History Matters in a Graduate Seminar,https://rrchnm.org/essays/evaluating-websites-for-history-teachers-using-history-matters-in-a-graduate-seminar/,https://web.archive.org/web/20220629194545/https://rrchnm.org/essay/evaluating-websites-for-history-teachers-using-history-matters-in-a-graduate-seminar/#_ednref8,working
Evaluating Websites for History Teachers: Using History Matters in a Graduate Seminar,https://rrchnm.org/essays/evaluating-websites-for-history-teachers-using-history-matters-in-a-graduate-seminar/,https://web.archive.org/web/20220629194545/http://historymatters.gmu.edu/syllabi/syll_reag.html,working
Evaluating Websites for History Teachers: Using History Matters in a Graduate Seminar,https://rrchnm.org/essays/evaluating-websites-for-history-teachers-using-history-matters-in-a-graduate-seminar/,https://web.archive.org/web/20220629194545/http://chnm.gmu.edu/courses/122/syl.html,status code: 404
Evaluating Websites for History Teachers: Using History Matters in a Graduate Seminar,https://rrchnm.org/essays/evaluating-websites-for-history-teachers-using-history-matters-in-a-graduate-seminar/,https://web.archive.org/web/20220629194545/https://rrchnm.org/essay/evaluating-websites-for-history-teachers-using-history-matters-in-a-graduate-seminar/#_ednref9,working
Evaluating Websites for History Teachers: Using History Matters in a Graduate Seminar,https://rrchnm.org/essays/evaluating-websites-for-history-teachers-using-history-matters-in-a-graduate-seminar/,https://web.archive.org/web/20220629194545/https://rrchnm.org/essay/evaluating-websites-for-history-teachers-using-history-matters-in-a-graduate-seminar/#_ednref10,working
Evaluating Websites for History Teachers: Using History Matters in a Graduate Seminar,https://rrchnm.org/essays/evaluating-websites-for-history-teachers-using-history-matters-in-a-graduate-seminar/,https://web.archive.org/web/20220629194545/https://rrchnm.org/essay/evaluating-websites-for-history-teachers-using-history-matters-in-a-graduate-seminar/#_ednref11,working
Evaluating Websites for History Teachers: Using History Matters in a Graduate Seminar,https://rrchnm.org/essays/evaluating-websites-for-history-teachers-using-history-matters-in-a-graduate-seminar/,https://web.archive.org/web/20220629194545/http://www.ashp.cuny.edu/lessons.html,status code: 404
Evaluating Websites for History Teachers: Using History Matters in a Graduate Seminar,https://rrchnm.org/essays/evaluating-websites-for-history-teachers-using-history-matters-in-a-graduate-seminar/,https://web.archive.org/web/20220629194545/http://edsitement.neh.gov/lesson_index.asp,status code: 404
Evaluating Websites for History Teachers: Using History Matters in a Graduate Seminar,https://rrchnm.org/essays/evaluating-websites-for-history-teachers-using-history-matters-in-a-graduate-seminar/,https://web.archive.org/web/20220629194545/http://memory.loc.gov/ammem/ndlpedu/index.html,working
Evaluating Websites for History Teachers: Using History Matters in a Graduate Seminar,https://rrchnm.org/essays/evaluating-websites-for-history-teachers-using-history-matters-in-a-graduate-seminar/,https://web.archive.org/web/20220629194545/http://www.archives.gov/digital_classroom/index.html,working
Evaluating Websites for History Teachers: Using History Matters in a Graduate Seminar,https://rrchnm.org/essays/evaluating-websites-for-history-teachers-using-history-matters-in-a-graduate-seminar/,https://web.archive.org/web/20220629194545/http://historymatters.gmu.edu/browse/digblack,working
Evaluating Websites for History Teachers: Using History Matters in a Graduate Seminar,https://rrchnm.org/essays/evaluating-websites-for-history-teachers-using-history-matters-in-a-graduate-seminar/,https://web.archive.org/web/20220629194545/https://rrchnm.org/essay/evaluating-websites-for-history-teachers-using-history-matters-in-a-graduate-seminar/#_ednref12,working
Evaluating Websites for History Teachers: Using History Matters in a Graduate Seminar,https://rrchnm.org/essays/evaluating-websites-for-history-teachers-using-history-matters-in-a-graduate-seminar/,https://web.archive.org/web/20220629194545/http://www.archives.gov/digital_classroom/lessons/analysis_worksheets/worksheets.html,working
Evaluating Websites for History Teachers: Using History Matters in a Graduate Seminar,https://rrchnm.org/essays/evaluating-websites-for-history-teachers-using-history-matters-in-a-graduate-seminar/,https://web.archive.org/web/20220629194545/https://rrchnm.org/essay/evaluating-websites-for-history-teachers-using-history-matters-in-a-graduate-seminar/#_ednref13,working
Evaluating Websites for History Teachers: Using History Matters in a Graduate Seminar,https://rrchnm.org/essays/evaluating-websites-for-history-teachers-using-history-matters-in-a-graduate-seminar/,https://web.archive.org/web/20220629194545/http://www.ashp.cuny.edu/ancientegypt.html,status code: 404
Evaluating Websites for History Teachers: Using History Matters in a Graduate Seminar,https://rrchnm.org/essays/evaluating-websites-for-history-teachers-using-history-matters-in-a-graduate-seminar/,https://web.archive.org/web/20220629194545/https://rrchnm.org/essay/evaluating-websites-for-history-teachers-using-history-matters-in-a-graduate-seminar/#_ednref14,working
Evaluating Websites for History Teachers: Using History Matters in a Graduate Seminar,https://rrchnm.org/essays/evaluating-websites-for-history-teachers-using-history-matters-in-a-graduate-seminar/,https://web.archive.org/web/20220629194545/https://rrchnm.org/essay/evaluating-websites-for-history-teachers-using-history-matters-in-a-graduate-seminar/#_ednref15,working
Evaluating Websites for History Teachers: Using History Matters in a Graduate Seminar,https://rrchnm.org/essays/evaluating-websites-for-history-teachers-using-history-matters-in-a-graduate-seminar/,https://web.archive.org/web/20220629194545/https://rrchnm.org/essay/evaluating-websites-for-history-teachers-using-history-matters-in-a-graduate-seminar/#_ednref16,working
Evaluating Websites for History Teachers: Using History Matters in a Graduate Seminar,https://rrchnm.org/essays/evaluating-websites-for-history-teachers-using-history-matters-in-a-graduate-seminar/,https://web.archive.org/web/20220629194545/http://www.assumption.edu/users/McClymer/his260,status code: 404
Evaluating Websites for History Teachers: Using History Matters in a Graduate Seminar,https://rrchnm.org/essays/evaluating-websites-for-history-teachers-using-history-matters-in-a-graduate-seminar/,https://web.archive.org/web/20220629194545/https://rrchnm.org/essay/evaluating-websites-for-history-teachers-using-history-matters-in-a-graduate-seminar/#_ednref17,working
Making History on the Web Matter in the Classroom,https://rrchnm.org/essays/making-history-on-the-web-matter-in-the-classroom/,https://web.archive.org/web/20220629190619/https://rrchnm.org/essay/making-history-on-the-web-matter-in-the-classroom/#_edn1,working
Making History on the Web Matter in the Classroom,https://rrchnm.org/essays/making-history-on-the-web-matter-in-the-classroom/,https://web.archive.org/web/20220629190619/https://rrchnm.org/essay/making-history-on-the-web-matter-in-the-classroom/#_edn2,working
Making History on the Web Matter in the Classroom,https://rrchnm.org/essays/making-history-on-the-web-matter-in-the-classroom/,https://web.archive.org/web/20220629190619/http://historymatters.gmu.edu/,working
Making History on the Web Matter in the Classroom,https://rrchnm.org/essays/making-history-on-the-web-matter-in-the-classroom/,https://web.archive.org/web/20220629190619/https://rrchnm.org/essay/making-history-on-the-web-matter-in-the-classroom/#_edn3,working
Making History on the Web Matter in the Classroom,https://rrchnm.org/essays/making-history-on-the-web-matter-in-the-classroom/,https://web.archive.org/web/20220629190619/https://rrchnm.org/essay/making-history-on-the-web-matter-in-the-classroom/#_edn4,working
Making History on the Web Matter in the Classroom,https://rrchnm.org/essays/making-history-on-the-web-matter-in-the-classroom/,https://web.archive.org/web/20220629190619/https://rrchnm.org/essay/making-history-on-the-web-matter-in-the-classroom/#_edn5,working
Making History on the Web Matter in the Classroom,https://rrchnm.org/essays/making-history-on-the-web-matter-in-the-classroom/,https://web.archive.org/web/20220629190619/http://historymatters.gmu.edu/,working
Making History on the Web Matter in the Classroom,https://rrchnm.org/essays/making-history-on-the-web-matter-in-the-classroom/,https://web.archive.org/web/20220629190619/https://rrchnm.org/essay/making-history-on-the-web-matter-in-the-classroom/historymatters@gmu.edu.,status code: 404
Making History on the Web Matter in the Classroom,https://rrchnm.org/essays/making-history-on-the-web-matter-in-the-classroom/,https://web.archive.org/web/20220629190619/https://rrchnm.org/essay/making-history-on-the-web-matter-in-the-classroom/#_ednref1,working
Making History on the Web Matter in the Classroom,https://rrchnm.org/essays/making-history-on-the-web-matter-in-the-classroom/,https://web.archive.org/web/20220629190619/https://rrchnm.org/essay/making-history-on-the-web-matter-in-the-classroom/#_ednref2,working
Making History on the Web Matter in the Classroom,https://rrchnm.org/essays/making-history-on-the-web-matter-in-the-classroom/,https://web.archive.org/web/20220629190619/http://www.google.com/,working
Making History on the Web Matter in the Classroom,https://rrchnm.org/essays/making-history-on-the-web-matter-in-the-classroom/,"https://web.archive.org/web/20220629190619/http://www.zdnet.com/pcmag/stories/reviews/0,6755,2652841,00.htm",working
Making History on the Web Matter in the Classroom,https://rrchnm.org/essays/making-history-on-the-web-matter-in-the-classroom/,https://web.archive.org/web/20220629190619/http://www.searchenginewatch.com/,working
Making History on the Web Matter in the Classroom,https://rrchnm.org/essays/making-history-on-the-web-matter-in-the-classroom/,https://web.archive.org/web/20220629190619/http://www.lib.berkeley.edu/TeachingLib/Guides/Internet/FindInfo.html,working
Making History on the Web Matter in the Classroom,https://rrchnm.org/essays/making-history-on-the-web-matter-in-the-classroom/,https://web.archive.org/web/20220629190619/https://rrchnm.org/essay/making-history-on-the-web-matter-in-the-classroom/#_ednref3,working
Making History on the Web Matter in the Classroom,https://rrchnm.org/essays/making-history-on-the-web-matter-in-the-classroom/,https://web.archive.org/web/20220629190619/https://rrchnm.org/essay/making-history-on-the-web-matter-in-the-classroom/#_ednref4,working
Making History on the Web Matter in the Classroom,https://rrchnm.org/essays/making-history-on-the-web-matter-in-the-classroom/,https://web.archive.org/web/20220629190619/https://rrchnm.org/essay/making-history-on-the-web-matter-in-the-classroom/#_ednref5,working
Making History on the Web Matter in the Classroom,https://rrchnm.org/essays/making-history-on-the-web-matter-in-the-classroom/,https://web.archive.org/web/20220629190619/http://www.archiva.net/footnoteproject/index.html,working
Using ‘History Matters’ with a Ninth-Grade Class,https://rrchnm.org/essays/using-history-matters-with-a-ninth-grade-class/,https://web.archive.org/web/20220629182124/http://www.historymatters.gmu.edu/,working
Using ‘History Matters’ with a Ninth-Grade Class,https://rrchnm.org/essays/using-history-matters-with-a-ninth-grade-class/,https://web.archive.org/web/20220629182124/http://www.loc.gov/,working
Using ‘History Matters’ with a Ninth-Grade Class,https://rrchnm.org/essays/using-history-matters-with-a-ninth-grade-class/,https://web.archive.org/web/20220629182124/http://www.archives.gov/index.html,working
Using ‘History Matters’ with a Ninth-Grade Class,https://rrchnm.org/essays/using-history-matters-with-a-ninth-grade-class/,https://web.archive.org/web/20220629182124/http://members.aol.com/nachamon,working
Using ‘History Matters’ with a Ninth-Grade Class,https://rrchnm.org/essays/using-history-matters-with-a-ninth-grade-class/,https://web.archive.org/web/20220629182124/http://www.cesjds.org/,working
Using ‘History Matters’ with a Ninth-Grade Class,https://rrchnm.org/essays/using-history-matters-with-a-ninth-grade-class/,https://web.archive.org/web/20220629182124/http://www.historymatters.gmu.edu/,working
For Better or Worse? The Marriage of the Web and Classroom,https://rrchnm.org/essays/for-better-or-worse-the-marriage-of-the-web-and-classroom/,https://web.archive.org/web/20220629195159/https://rrchnm.org/essay/for-better-or-worse-the-marriage-of-the-web-and-classroom/#_edn1,working
For Better or Worse? The Marriage of the Web and Classroom,https://rrchnm.org/essays/for-better-or-worse-the-marriage-of-the-web-and-classroom/,https://web.archive.org/web/20220629195159/https://rrchnm.org/essay/for-better-or-worse-the-marriage-of-the-web-and-classroom/#_edn2,working
For Better or Worse? The Marriage of the Web and Classroom,https://rrchnm.org/essays/for-better-or-worse-the-marriage-of-the-web-and-classroom/,https://web.archive.org/web/20220629195159/https://rrchnm.org/essay/for-better-or-worse-the-marriage-of-the-web-and-classroom/#_edn3,working
For Better or Worse? The Marriage of the Web and Classroom,https://rrchnm.org/essays/for-better-or-worse-the-marriage-of-the-web-and-classroom/,https://web.archive.org/web/20220629195159/https://rrchnm.org/essay/for-better-or-worse-the-marriage-of-the-web-and-classroom/#_edn4,working
For Better or Worse? The Marriage of the Web and Classroom,https://rrchnm.org/essays/for-better-or-worse-the-marriage-of-the-web-and-classroom/,https://web.archive.org/web/20220629195159/https://rrchnm.org/essay/for-better-or-worse-the-marriage-of-the-web-and-classroom/#_edn5,working
For Better or Worse? The Marriage of the Web and Classroom,https://rrchnm.org/essays/for-better-or-worse-the-marriage-of-the-web-and-classroom/,https://web.archive.org/web/20220629195159/https://rrchnm.org/essay/for-better-or-worse-the-marriage-of-the-web-and-classroom/#_edn6,working
For Better or Worse? The Marriage of the Web and Classroom,https://rrchnm.org/essays/for-better-or-worse-the-marriage-of-the-web-and-classroom/,https://web.archive.org/web/20220629195159/https://rrchnm.org/essay/for-better-or-worse-the-marriage-of-the-web-and-classroom/#_edn7,working
For Better or Worse? The Marriage of the Web and Classroom,https://rrchnm.org/essays/for-better-or-worse-the-marriage-of-the-web-and-classroom/,https://web.archive.org/web/20220629195159/https://rrchnm.org/essay/for-better-or-worse-the-marriage-of-the-web-and-classroom/#_edn8,working
For Better or Worse? The Marriage of the Web and Classroom,https://rrchnm.org/essays/for-better-or-worse-the-marriage-of-the-web-and-classroom/,https://web.archive.org/web/20220629195159/https://rrchnm.org/essay/for-better-or-worse-the-marriage-of-the-web-and-classroom/#_edn9,working
For Better or Worse? The Marriage of the Web and Classroom,https://rrchnm.org/essays/for-better-or-worse-the-marriage-of-the-web-and-classroom/,https://web.archive.org/web/20220629195159/https://rrchnm.org/essay/for-better-or-worse-the-marriage-of-the-web-and-classroom/#_edn10,working
For Better or Worse? The Marriage of the Web and Classroom,https://rrchnm.org/essays/for-better-or-worse-the-marriage-of-the-web-and-classroom/,https://web.archive.org/web/20220629195159/https://rrchnm.org/essay/for-better-or-worse-the-marriage-of-the-web-and-classroom/#_edn11,working
For Better or Worse? The Marriage of the Web and Classroom,https://rrchnm.org/essays/for-better-or-worse-the-marriage-of-the-web-and-classroom/,https://web.archive.org/web/20220629195159/https://rrchnm.org/essay/for-better-or-worse-the-marriage-of-the-web-and-classroom/#_edn12,working
For Better or Worse? The Marriage of the Web and Classroom,https://rrchnm.org/essays/for-better-or-worse-the-marriage-of-the-web-and-classroom/,https://web.archive.org/web/20220629195159/https://rrchnm.org/essay/for-better-or-worse-the-marriage-of-the-web-and-classroom/#_edn13,working
For Better or Worse? The Marriage of the Web and Classroom,https://rrchnm.org/essays/for-better-or-worse-the-marriage-of-the-web-and-classroom/,https://web.archive.org/web/20220629195159/https://rrchnm.org/essay/for-better-or-worse-the-marriage-of-the-web-and-classroom/#_edn14,working
For Better or Worse? The Marriage of the Web and Classroom,https://rrchnm.org/essays/for-better-or-worse-the-marriage-of-the-web-and-classroom/,https://web.archive.org/web/20220629195159/https://rrchnm.org/essay/for-better-or-worse-the-marriage-of-the-web-and-classroom/#_edn15,working
For Better or Worse? The Marriage of the Web and Classroom,https://rrchnm.org/essays/for-better-or-worse-the-marriage-of-the-web-and-classroom/,https://web.archive.org/web/20220629195159/https://rrchnm.org/essay/for-better-or-worse-the-marriage-of-the-web-and-classroom/#_edn16,working
For Better or Worse? The Marriage of the Web and Classroom,https://rrchnm.org/essays/for-better-or-worse-the-marriage-of-the-web-and-classroom/,https://web.archive.org/web/20220629195159/https://rrchnm.org/essay/for-better-or-worse-the-marriage-of-the-web-and-classroom/#_edn17,working
For Better or Worse? The Marriage of the Web and Classroom,https://rrchnm.org/essays/for-better-or-worse-the-marriage-of-the-web-and-classroom/,https://web.archive.org/web/20220629195159/https://rrchnm.org/essay/for-better-or-worse-the-marriage-of-the-web-and-classroom/#_edn18,working
For Better or Worse? The Marriage of the Web and Classroom,https://rrchnm.org/essays/for-better-or-worse-the-marriage-of-the-web-and-classroom/,https://web.archive.org/web/20220629195159/https://rrchnm.org/essay/for-better-or-worse-the-marriage-of-the-web-and-classroom/#_edn19,working
For Better or Worse? The Marriage of the Web and Classroom,https://rrchnm.org/essays/for-better-or-worse-the-marriage-of-the-web-and-classroom/,https://web.archive.org/web/20220629195159/https://rrchnm.org/essay/for-better-or-worse-the-marriage-of-the-web-and-classroom/#_edn20,working
For Better or Worse? The Marriage of the Web and Classroom,https://rrchnm.org/essays/for-better-or-worse-the-marriage-of-the-web-and-classroom/,https://web.archive.org/web/20220629195159/https://rrchnm.org/essay/for-better-or-worse-the-marriage-of-the-web-and-classroom/#_ednref1,working
For Better or Worse? The Marriage of the Web and Classroom,https://rrchnm.org/essays/for-better-or-worse-the-marriage-of-the-web-and-classroom/,https://web.archive.org/web/20220629195159/https://rrchnm.org/essay/for-better-or-worse-the-marriage-of-the-web-and-classroom/#_ednref2,working
For Better or Worse? The Marriage of the Web and Classroom,https://rrchnm.org/essays/for-better-or-worse-the-marriage-of-the-web-and-classroom/,https://web.archive.org/web/20220629195159/http://www.wws.princeton.edu/~snkatz/papers/uvatlk.html,status code: 404
For Better or Worse? The Marriage of the Web and Classroom,https://rrchnm.org/essays/for-better-or-worse-the-marriage-of-the-web-and-classroom/,https://web.archive.org/web/20220629195159/https://rrchnm.org/essay/for-better-or-worse-the-marriage-of-the-web-and-classroom/#_ednref3,working
For Better or Worse? The Marriage of the Web and Classroom,https://rrchnm.org/essays/for-better-or-worse-the-marriage-of-the-web-and-classroom/,https://web.archive.org/web/20220629195159/https://rrchnm.org/essay/for-better-or-worse-the-marriage-of-the-web-and-classroom/#_ednref4,working
For Better or Worse? The Marriage of the Web and Classroom,https://rrchnm.org/essays/for-better-or-worse-the-marriage-of-the-web-and-classroom/,https://web.archive.org/web/20220629195159/http://www.greenfieldcentral.com/,working
For Better or Worse? The Marriage of the Web and Classroom,https://rrchnm.org/essays/for-better-or-worse-the-marriage-of-the-web-and-classroom/,https://web.archive.org/web/20220629195159/https://rrchnm.org/essay/for-better-or-worse-the-marriage-of-the-web-and-classroom/#_ednref5,working
For Better or Worse? The Marriage of the Web and Classroom,https://rrchnm.org/essays/for-better-or-worse-the-marriage-of-the-web-and-classroom/,https://web.archive.org/web/20220629195159/http://www.theatlantic.com/issues/97jul/computer.htm,working
For Better or Worse? The Marriage of the Web and Classroom,https://rrchnm.org/essays/for-better-or-worse-the-marriage-of-the-web-and-classroom/,https://web.archive.org/web/20220629195159/https://rrchnm.org/essay/for-better-or-worse-the-marriage-of-the-web-and-classroom/#_ednref6,working
For Better or Worse? The Marriage of the Web and Classroom,https://rrchnm.org/essays/for-better-or-worse-the-marriage-of-the-web-and-classroom/,https://web.archive.org/web/20220629195159/https://rrchnm.org/essay/for-better-or-worse-the-marriage-of-the-web-and-classroom/#_ednref7,working
For Better or Worse? The Marriage of the Web and Classroom,https://rrchnm.org/essays/for-better-or-worse-the-marriage-of-the-web-and-classroom/,https://web.archive.org/web/20220629195159/http://www.jcu.edu.au/aff/history/articles/davison.htm,status code: 404
For Better or Worse? The Marriage of the Web and Classroom,https://rrchnm.org/essays/for-better-or-worse-the-marriage-of-the-web-and-classroom/,https://web.archive.org/web/20220629195159/https://rrchnm.org/essay/for-better-or-worse-the-marriage-of-the-web-and-classroom/#_ednref8,working
For Better or Worse? The Marriage of the Web and Classroom,https://rrchnm.org/essays/for-better-or-worse-the-marriage-of-the-web-and-classroom/,https://web.archive.org/web/20220629195159/https://rrchnm.org/essay/for-better-or-worse-the-marriage-of-the-web-and-classroom/#_ednref9,working
For Better or Worse? The Marriage of the Web and Classroom,https://rrchnm.org/essays/for-better-or-worse-the-marriage-of-the-web-and-classroom/,https://web.archive.org/web/20220629195159/https://rrchnm.org/essay/for-better-or-worse-the-marriage-of-the-web-and-classroom/#_ednref10,working
For Better or Worse? The Marriage of the Web and Classroom,https://rrchnm.org/essays/for-better-or-worse-the-marriage-of-the-web-and-classroom/,https://web.archive.org/web/20220629195159/https://rrchnm.org/essay/for-better-or-worse-the-marriage-of-the-web-and-classroom/#_ednref11,working
For Better or Worse? The Marriage of the Web and Classroom,https://rrchnm.org/essays/for-better-or-worse-the-marriage-of-the-web-and-classroom/,https://web.archive.org/web/20220629195159/https://rrchnm.org/essay/for-better-or-worse-the-marriage-of-the-web-and-classroom/#_ednref12,working
For Better or Worse? The Marriage of the Web and Classroom,https://rrchnm.org/essays/for-better-or-worse-the-marriage-of-the-web-and-classroom/,https://web.archive.org/web/20220629195159/http://www2.tltc.ttu.edu/kelly,working
For Better or Worse? The Marriage of the Web and Classroom,https://rrchnm.org/essays/for-better-or-worse-the-marriage-of-the-web-and-classroom/,https://web.archive.org/web/20220629195159/http://www2.tltc.ttu.edu/kelly/czyuweb/index.html.,status code: 404
For Better or Worse? The Marriage of the Web and Classroom,https://rrchnm.org/essays/for-better-or-worse-the-marriage-of-the-web-and-classroom/,https://web.archive.org/web/20220629195159/https://rrchnm.org/essay/for-better-or-worse-the-marriage-of-the-web-and-classroom/#_ednref13,working
For Better or Worse? The Marriage of the Web and Classroom,https://rrchnm.org/essays/for-better-or-worse-the-marriage-of-the-web-and-classroom/,https://web.archive.org/web/20220629195159/http://www.theaha.org/perspectives/issues/1998/9802/9802TEC.CFM,status code: 404
For Better or Worse? The Marriage of the Web and Classroom,https://rrchnm.org/essays/for-better-or-worse-the-marriage-of-the-web-and-classroom/,https://web.archive.org/web/20220629195159/http://www.theaha.org/perspectives/issues/1998/9802/9802TEC2.CFM,status code: 404
For Better or Worse? The Marriage of the Web and Classroom,https://rrchnm.org/essays/for-better-or-worse-the-marriage-of-the-web-and-classroom/,https://web.archive.org/web/20220629195159/https://rrchnm.org/essay/for-better-or-worse-the-marriage-of-the-web-and-classroom/#_ednref14,working
For Better or Worse? The Marriage of the Web and Classroom,https://rrchnm.org/essays/for-better-or-worse-the-marriage-of-the-web-and-classroom/,https://web.archive.org/web/20220629195159/https://rrchnm.org/essay/for-better-or-worse-the-marriage-of-the-web-and-classroom/#_ednref15,working
For Better or Worse? The Marriage of the Web and Classroom,https://rrchnm.org/essays/for-better-or-worse-the-marriage-of-the-web-and-classroom/,https://web.archive.org/web/20220629195159/https://rrchnm.org/essay/for-better-or-worse-the-marriage-of-the-web-and-classroom/#_ednref16,working
For Better or Worse? The Marriage of the Web and Classroom,https://rrchnm.org/essays/for-better-or-worse-the-marriage-of-the-web-and-classroom/,https://web.archive.org/web/20220629195159/https://rrchnm.org/essay/for-better-or-worse-the-marriage-of-the-web-and-classroom/#_ednref17,working
For Better or Worse? The Marriage of the Web and Classroom,https://rrchnm.org/essays/for-better-or-worse-the-marriage-of-the-web-and-classroom/,https://web.archive.org/web/20220629195159/https://rrchnm.org/essay/for-better-or-worse-the-marriage-of-the-web-and-classroom/#_ednref18,working
For Better or Worse? The Marriage of the Web and Classroom,https://rrchnm.org/essays/for-better-or-worse-the-marriage-of-the-web-and-classroom/,https://web.archive.org/web/20220629195159/https://rrchnm.org/essay/for-better-or-worse-the-marriage-of-the-web-and-classroom/#_ednref19,working
For Better or Worse? The Marriage of the Web and Classroom,https://rrchnm.org/essays/for-better-or-worse-the-marriage-of-the-web-and-classroom/,https://web.archive.org/web/20220629195159/http://www.ushmm.org/,working
For Better or Worse? The Marriage of the Web and Classroom,https://rrchnm.org/essays/for-better-or-worse-the-marriage-of-the-web-and-classroom/,https://web.archive.org/web/20220629195159/http://www.marxists.org/,working
For Better or Worse? The Marriage of the Web and Classroom,https://rrchnm.org/essays/for-better-or-worse-the-marriage-of-the-web-and-classroom/,https://web.archive.org/web/20220629195159/https://rrchnm.org/essay/for-better-or-worse-the-marriage-of-the-web-and-classroom/#_ednref20,working
Building Effective Course Sites: Some Thoughts on Design for Academic Work,https://rrchnm.org/essays/building-effective-course-sites-some-thoughts-on-design-for-academic-work/,https://web.archive.org/web/20220629182808/http://www.doiiit.gmu.edu/Archives/spring00/409.html,working
Building Effective Course Sites: Some Thoughts on Design for Academic Work,https://rrchnm.org/essays/building-effective-course-sites-some-thoughts-on-design-for-academic-work/,https://web.archive.org/web/20220629182808/http://www.doiiit.gmu.edu/Archives/spring00/409b.html,working
Building Effective Course Sites: Some Thoughts on Design for Academic Work,https://rrchnm.org/essays/building-effective-course-sites-some-thoughts-on-design-for-academic-work/,https://web.archive.org/web/20220629182808/http://www.doiiit.gmu.edu/Archives/spring00/409.html,working
Building Effective Course Sites: Some Thoughts on Design for Academic Work,https://rrchnm.org/essays/building-effective-course-sites-some-thoughts-on-design-for-academic-work/,https://web.archive.org/web/20220629182808/http://www.doiiit.gmu.edu/Archives/spring00/409b.html,working
Building Effective Course Sites: Some Thoughts on Design for Academic Work,https://rrchnm.org/essays/building-effective-course-sites-some-thoughts-on-design-for-academic-work/,https://web.archive.org/web/20220629182808/http://www.doiiit.gmu.edu/Archives/spring00/409b.html,working
Building Effective Course Sites: Some Thoughts on Design for Academic Work,https://rrchnm.org/essays/building-effective-course-sites-some-thoughts-on-design-for-academic-work/,https://web.archive.org/web/20220629182808/http://chnm.gmu.edu/courses/hist409/,status code: 404
Building Effective Course Sites: Some Thoughts on Design for Academic Work,https://rrchnm.org/essays/building-effective-course-sites-some-thoughts-on-design-for-academic-work/,https://web.archive.org/web/20220629182808/http://web.archive.org/web/20031207234648/http://www.vwip.org/,status code: 404
Building Effective Course Sites: Some Thoughts on Design for Academic Work,https://rrchnm.org/essays/building-effective-course-sites-some-thoughts-on-design-for-academic-work/,https://web.archive.org/web/20220629182808/http://chnm.gmu.edu/courses/cliowired/redesign/narratives.html,status code: 404
Building Effective Course Sites: Some Thoughts on Design for Academic Work,https://rrchnm.org/essays/building-effective-course-sites-some-thoughts-on-design-for-academic-work/,https://web.archive.org/web/20220629182808/http://chnm.gmu.edu/courses/cliowired/redesign/96n05860.htm,status code: 404
Building Effective Course Sites: Some Thoughts on Design for Academic Work,https://rrchnm.org/essays/building-effective-course-sites-some-thoughts-on-design-for-academic-work/,https://web.archive.org/web/20220629182808/http://chnm.gmu.edu/courses/jackson/,working
Building Effective Course Sites: Some Thoughts on Design for Academic Work,https://rrchnm.org/essays/building-effective-course-sites-some-thoughts-on-design-for-academic-work/,https://web.archive.org/web/20220629182808/http://chnm.gmu.edu/courses/magic,working
Building Effective Course Sites: Some Thoughts on Design for Academic Work,https://rrchnm.org/essays/building-effective-course-sites-some-thoughts-on-design-for-academic-work/,https://web.archive.org/web/20220629182808/http://chnm.gmu.edu/courses/magic/,working
Building Effective Course Sites: Some Thoughts on Design for Academic Work,https://rrchnm.org/essays/building-effective-course-sites-some-thoughts-on-design-for-academic-work/,https://web.archive.org/web/20220629182808/http://chnm.gmu.edu/courses/hist409,status code: 404
Building Effective Course Sites: Some Thoughts on Design for Academic Work,https://rrchnm.org/essays/building-effective-course-sites-some-thoughts-on-design-for-academic-work/,https://web.archive.org/web/20220629182808/http://chnm.gmu.edu/courses/hist409/dust/dust.html,status code: 404
Building Effective Course Sites: Some Thoughts on Design for Academic Work,https://rrchnm.org/essays/building-effective-course-sites-some-thoughts-on-design-for-academic-work/,https://web.archive.org/web/20220629182808/http://chnm.gmu.edu/courses/hist409/short.html,working
Building Effective Course Sites: Some Thoughts on Design for Academic Work,https://rrchnm.org/essays/building-effective-course-sites-some-thoughts-on-design-for-academic-work/,https://web.archive.org/web/20220629182808/http://lcweb2.loc.gov/ammem/wpaintro/wpahome.html,working
The Garden in the Machine: The Impact of American Studies on New Technologies Date: December 1999,https://rrchnm.org/essays/the-garden-in-the-machine-the-impact-of-american-studies-on-new-technologies-date-december-1999/,https://web.archive.org/web/20220629200722/http://www.georgetown.edu/faculty/bassr/garden.html,"error: HTTPSConnectionPool(host='web.archive.org', port=443): Max retries exceeded with url: /web/20220629200722/http://www.georgetown.edu/faculty/bassr/garden.html (Caused by NewConnectionError('<urllib3.connection.HTTPSConnection object at 0x0000026D6C519B50>: Failed to establish a new connection: [WinError 10061] No connection could be made because the target machine actively refused it'))"
The Garden in the Machine: The Impact of American Studies on New Technologies Date: December 1999,https://rrchnm.org/essays/the-garden-in-the-machine-the-impact-of-american-studies-on-new-technologies-date-december-1999/,https://web.archive.org/web/20220629200722/https://rrchnm.org/essay/the-garden-in-the-machine-the-impact-of-american-studies-on-new-technologies-date-december-1999/#_edn1,"error: HTTPSConnectionPool(host='web.archive.org', port=443): Max retries exceeded with url: /web/20220629200722/https://rrchnm.org/essay/the-garden-in-the-machine-the-impact-of-american-studies-on-new-technologies-date-december-1999/ (Caused by NewConnectionError('<urllib3.connection.HTTPSConnection object at 0x0000026D6E09DC90>: Failed to establish a new connection: [WinError 10061] No connection could be made because the target machine actively refused it'))"
The Garden in the Machine: The Impact of American Studies on New Technologies Date: December 1999,https://rrchnm.org/essays/the-garden-in-the-machine-the-impact-of-american-studies-on-new-technologies-date-december-1999/,https://web.archive.org/web/20220629200722/https://rrchnm.org/essay/the-garden-in-the-machine-the-impact-of-american-studies-on-new-technologies-date-december-1999/#_edn2,working
The Garden in the Machine: The Impact of American Studies on New Technologies Date: December 1999,https://rrchnm.org/essays/the-garden-in-the-machine-the-impact-of-american-studies-on-new-technologies-date-december-1999/,https://web.archive.org/web/20220629200722/https://rrchnm.org/essay/the-garden-in-the-machine-the-impact-of-american-studies-on-new-technologies-date-december-1999/#_edn3,working
The Garden in the Machine: The Impact of American Studies on New Technologies Date: December 1999,https://rrchnm.org/essays/the-garden-in-the-machine-the-impact-of-american-studies-on-new-technologies-date-december-1999/,https://web.archive.org/web/20220629200722/https://rrchnm.org/essay/the-garden-in-the-machine-the-impact-of-american-studies-on-new-technologies-date-december-1999/#_edn4,working
The Garden in the Machine: The Impact of American Studies on New Technologies Date: December 1999,https://rrchnm.org/essays/the-garden-in-the-machine-the-impact-of-american-studies-on-new-technologies-date-december-1999/,https://web.archive.org/web/20220629200722/https://rrchnm.org/essay/the-garden-in-the-machine-the-impact-of-american-studies-on-new-technologies-date-december-1999/#_edn5,working
The Garden in the Machine: The Impact of American Studies on New Technologies Date: December 1999,https://rrchnm.org/essays/the-garden-in-the-machine-the-impact-of-american-studies-on-new-technologies-date-december-1999/,https://web.archive.org/web/20220629200722/https://rrchnm.org/essay/the-garden-in-the-machine-the-impact-of-american-studies-on-new-technologies-date-december-1999/#_edn6,working
The Garden in the Machine: The Impact of American Studies on New Technologies Date: December 1999,https://rrchnm.org/essays/the-garden-in-the-machine-the-impact-of-american-studies-on-new-technologies-date-december-1999/,https://web.archive.org/web/20220629200722/https://rrchnm.org/essay/the-garden-in-the-machine-the-impact-of-american-studies-on-new-technologies-date-december-1999/#_edn7,working
The Garden in the Machine: The Impact of American Studies on New Technologies Date: December 1999,https://rrchnm.org/essays/the-garden-in-the-machine-the-impact-of-american-studies-on-new-technologies-date-december-1999/,https://web.archive.org/web/20220629200722/https://rrchnm.org/essay/the-garden-in-the-machine-the-impact-of-american-studies-on-new-technologies-date-december-1999/#_edn8,working
The Garden in the Machine: The Impact of American Studies on New Technologies Date: December 1999,https://rrchnm.org/essays/the-garden-in-the-machine-the-impact-of-american-studies-on-new-technologies-date-december-1999/,https://web.archive.org/web/20220629200722/https://rrchnm.org/essay/the-garden-in-the-machine-the-impact-of-american-studies-on-new-technologies-date-december-1999/#_edn9,working
The Garden in the Machine: The Impact of American Studies on New Technologies Date: December 1999,https://rrchnm.org/essays/the-garden-in-the-machine-the-impact-of-american-studies-on-new-technologies-date-december-1999/,https://web.archive.org/web/20220629200722/https://rrchnm.org/essay/the-garden-in-the-machine-the-impact-of-american-studies-on-new-technologies-date-december-1999/#_edn10,working
The Garden in the Machine: The Impact of American Studies on New Technologies Date: December 1999,https://rrchnm.org/essays/the-garden-in-the-machine-the-impact-of-american-studies-on-new-technologies-date-december-1999/,https://web.archive.org/web/20220629200722/https://rrchnm.org/essay/the-garden-in-the-machine-the-impact-of-american-studies-on-new-technologies-date-december-1999/#_edn11,working
The Garden in the Machine: The Impact of American Studies on New Technologies Date: December 1999,https://rrchnm.org/essays/the-garden-in-the-machine-the-impact-of-american-studies-on-new-technologies-date-december-1999/,https://web.archive.org/web/20220629200722/https://rrchnm.org/essay/the-garden-in-the-machine-the-impact-of-american-studies-on-new-technologies-date-december-1999/#_edn12,working
The Garden in the Machine: The Impact of American Studies on New Technologies Date: December 1999,https://rrchnm.org/essays/the-garden-in-the-machine-the-impact-of-american-studies-on-new-technologies-date-december-1999/,https://web.archive.org/web/20220629200722/https://rrchnm.org/essay/the-garden-in-the-machine-the-impact-of-american-studies-on-new-technologies-date-december-1999/#_edn13,working
The Garden in the Machine: The Impact of American Studies on New Technologies Date: December 1999,https://rrchnm.org/essays/the-garden-in-the-machine-the-impact-of-american-studies-on-new-technologies-date-december-1999/,https://web.archive.org/web/20220629200722/https://rrchnm.org/essay/the-garden-in-the-machine-the-impact-of-american-studies-on-new-technologies-date-december-1999/#_edn14,working
The Garden in the Machine: The Impact of American Studies on New Technologies Date: December 1999,https://rrchnm.org/essays/the-garden-in-the-machine-the-impact-of-american-studies-on-new-technologies-date-december-1999/,https://web.archive.org/web/20220629200722/https://rrchnm.org/essay/the-garden-in-the-machine-the-impact-of-american-studies-on-new-technologies-date-december-1999/#_edn15,working
The Garden in the Machine: The Impact of American Studies on New Technologies Date: December 1999,https://rrchnm.org/essays/the-garden-in-the-machine-the-impact-of-american-studies-on-new-technologies-date-december-1999/,https://web.archive.org/web/20220629200722/https://rrchnm.org/essay/the-garden-in-the-machine-the-impact-of-american-studies-on-new-technologies-date-december-1999/#_ednref1,working
The Garden in the Machine: The Impact of American Studies on New Technologies Date: December 1999,https://rrchnm.org/essays/the-garden-in-the-machine-the-impact-of-american-studies-on-new-technologies-date-december-1999/,https://web.archive.org/web/20220629200722/https://rrchnm.org/essay/the-garden-in-the-machine-the-impact-of-american-studies-on-new-technologies-date-december-1999/#_ednref2,working
The Garden in the Machine: The Impact of American Studies on New Technologies Date: December 1999,https://rrchnm.org/essays/the-garden-in-the-machine-the-impact-of-american-studies-on-new-technologies-date-december-1999/,https://web.archive.org/web/20220629200722/https://rrchnm.org/essay/the-garden-in-the-machine-the-impact-of-american-studies-on-new-technologies-date-december-1999/#_ednref3,working
The Garden in the Machine: The Impact of American Studies on New Technologies Date: December 1999,https://rrchnm.org/essays/the-garden-in-the-machine-the-impact-of-american-studies-on-new-technologies-date-december-1999/,https://web.archive.org/web/20220629200722/https://rrchnm.org/essay/the-garden-in-the-machine-the-impact-of-american-studies-on-new-technologies-date-december-1999/#_ednref4,working
The Garden in the Machine: The Impact of American Studies on New Technologies Date: December 1999,https://rrchnm.org/essays/the-garden-in-the-machine-the-impact-of-american-studies-on-new-technologies-date-december-1999/,https://web.archive.org/web/20220629200722/http://jefferson.village.virginia.edu/~jmu2m/mla-94.html,status code: 404
The Garden in the Machine: The Impact of American Studies on New Technologies Date: December 1999,https://rrchnm.org/essays/the-garden-in-the-machine-the-impact-of-american-studies-on-new-technologies-date-december-1999/,https://web.archive.org/web/20220629200722/https://rrchnm.org/essay/the-garden-in-the-machine-the-impact-of-american-studies-on-new-technologies-date-december-1999/#_ednref5,working
The Garden in the Machine: The Impact of American Studies on New Technologies Date: December 1999,https://rrchnm.org/essays/the-garden-in-the-machine-the-impact-of-american-studies-on-new-technologies-date-december-1999/,https://web.archive.org/web/20220629200722/https://rrchnm.org/essay/the-garden-in-the-machine-the-impact-of-american-studies-on-new-technologies-date-december-1999/#_ednref6,working
The Garden in the Machine: The Impact of American Studies on New Technologies Date: December 1999,https://rrchnm.org/essays/the-garden-in-the-machine-the-impact-of-american-studies-on-new-technologies-date-december-1999/,https://web.archive.org/web/20220629200722/https://rrchnm.org/essay/the-garden-in-the-machine-the-impact-of-american-studies-on-new-technologies-date-december-1999/#_ednref7,working
The Garden in the Machine: The Impact of American Studies on New Technologies Date: December 1999,https://rrchnm.org/essays/the-garden-in-the-machine-the-impact-of-american-studies-on-new-technologies-date-december-1999/,https://web.archive.org/web/20220629200722/https://rrchnm.org/essay/the-garden-in-the-machine-the-impact-of-american-studies-on-new-technologies-date-december-1999/#_ednref8,working
The Garden in the Machine: The Impact of American Studies on New Technologies Date: December 1999,https://rrchnm.org/essays/the-garden-in-the-machine-the-impact-of-american-studies-on-new-technologies-date-december-1999/,https://web.archive.org/web/20220629200722/https://rrchnm.org/essay/the-garden-in-the-machine-the-impact-of-american-studies-on-new-technologies-date-december-1999/#_ednref9,working
The Garden in the Machine: The Impact of American Studies on New Technologies Date: December 1999,https://rrchnm.org/essays/the-garden-in-the-machine-the-impact-of-american-studies-on-new-technologies-date-december-1999/,https://web.archive.org/web/20220629200722/https://rrchnm.org/essay/the-garden-in-the-machine-the-impact-of-american-studies-on-new-technologies-date-december-1999/#_ednref10,working
The Garden in the Machine: The Impact of American Studies on New Technologies Date: December 1999,https://rrchnm.org/essays/the-garden-in-the-machine-the-impact-of-american-studies-on-new-technologies-date-december-1999/,https://web.archive.org/web/20220629200722/https://rrchnm.org/essay/the-garden-in-the-machine-the-impact-of-american-studies-on-new-technologies-date-december-1999/#_ednref11,working
The Garden in the Machine: The Impact of American Studies on New Technologies Date: December 1999,https://rrchnm.org/essays/the-garden-in-the-machine-the-impact-of-american-studies-on-new-technologies-date-december-1999/,https://web.archive.org/web/20220629200722/https://rrchnm.org/essay/the-garden-in-the-machine-the-impact-of-american-studies-on-new-technologies-date-december-1999/#_ednref12,working
The Garden in the Machine: The Impact of American Studies on New Technologies Date: December 1999,https://rrchnm.org/essays/the-garden-in-the-machine-the-impact-of-american-studies-on-new-technologies-date-december-1999/,https://web.archive.org/web/20220629200722/https://rrchnm.org/essay/the-garden-in-the-machine-the-impact-of-american-studies-on-new-technologies-date-december-1999/#_ednref13,working
"Rewiring the History and Social Studies Classroom: Needs, Frameworks, Dangers, and Proposals",https://rrchnm.org/essays/rewiring-the-history-and-social-studies-classroom-needs-frameworks-dangers-and-proposals/,https://web.archive.org/web/20220629185858/https://rrchnm.org/essay/rewiring-the-history-and-social-studies-classroom-needs-frameworks-dangers-and-proposals/#_edn2,working
"Rewiring the History and Social Studies Classroom: Needs, Frameworks, Dangers, and Proposals",https://rrchnm.org/essays/rewiring-the-history-and-social-studies-classroom-needs-frameworks-dangers-and-proposals/,https://web.archive.org/web/20220629185858/https://rrchnm.org/essay/rewiring-the-history-and-social-studies-classroom-needs-frameworks-dangers-and-proposals/#_edn3,working
"Rewiring the History and Social Studies Classroom: Needs, Frameworks, Dangers, and Proposals",https://rrchnm.org/essays/rewiring-the-history-and-social-studies-classroom-needs-frameworks-dangers-and-proposals/,https://web.archive.org/web/20220629185858/https://rrchnm.org/essay/rewiring-the-history-and-social-studies-classroom-needs-frameworks-dangers-and-proposals/#_edn4,working
"Rewiring the History and Social Studies Classroom: Needs, Frameworks, Dangers, and Proposals",https://rrchnm.org/essays/rewiring-the-history-and-social-studies-classroom-needs-frameworks-dangers-and-proposals/,https://web.archive.org/web/20220629185858/https://rrchnm.org/essay/rewiring-the-history-and-social-studies-classroom-needs-frameworks-dangers-and-proposals/#_edn5,working
"Rewiring the History and Social Studies Classroom: Needs, Frameworks, Dangers, and Proposals",https://rrchnm.org/essays/rewiring-the-history-and-social-studies-classroom-needs-frameworks-dangers-and-proposals/,https://web.archive.org/web/20220629185858/https://rrchnm.org/essay/rewiring-the-history-and-social-studies-classroom-needs-frameworks-dangers-and-proposals/#_edn6,working
"Rewiring the History and Social Studies Classroom: Needs, Frameworks, Dangers, and Proposals",https://rrchnm.org/essays/rewiring-the-history-and-social-studies-classroom-needs-frameworks-dangers-and-proposals/,https://web.archive.org/web/20220629185858/https://rrchnm.org/essay/rewiring-the-history-and-social-studies-classroom-needs-frameworks-dangers-and-proposals/#_edn7,working
"Rewiring the History and Social Studies Classroom: Needs, Frameworks, Dangers, and Proposals",https://rrchnm.org/essays/rewiring-the-history-and-social-studies-classroom-needs-frameworks-dangers-and-proposals/,https://web.archive.org/web/20220629185858/https://rrchnm.org/essay/rewiring-the-history-and-social-studies-classroom-needs-frameworks-dangers-and-proposals/#_edn8,working
"Rewiring the History and Social Studies Classroom: Needs, Frameworks, Dangers, and Proposals",https://rrchnm.org/essays/rewiring-the-history-and-social-studies-classroom-needs-frameworks-dangers-and-proposals/,https://web.archive.org/web/20220629185858/https://rrchnm.org/essay/rewiring-the-history-and-social-studies-classroom-needs-frameworks-dangers-and-proposals/#_edn9,working
"Rewiring the History and Social Studies Classroom: Needs, Frameworks, Dangers, and Proposals",https://rrchnm.org/essays/rewiring-the-history-and-social-studies-classroom-needs-frameworks-dangers-and-proposals/,https://web.archive.org/web/20220629185858/https://rrchnm.org/essay/rewiring-the-history-and-social-studies-classroom-needs-frameworks-dangers-and-proposals/#_edn10,working
"Rewiring the History and Social Studies Classroom: Needs, Frameworks, Dangers, and Proposals",https://rrchnm.org/essays/rewiring-the-history-and-social-studies-classroom-needs-frameworks-dangers-and-proposals/,https://web.archive.org/web/20220629185858/https://rrchnm.org/essay/rewiring-the-history-and-social-studies-classroom-needs-frameworks-dangers-and-proposals/#_edn11,working
"Rewiring the History and Social Studies Classroom: Needs, Frameworks, Dangers, and Proposals",https://rrchnm.org/essays/rewiring-the-history-and-social-studies-classroom-needs-frameworks-dangers-and-proposals/,https://web.archive.org/web/20220629185858/https://rrchnm.org/essay/rewiring-the-history-and-social-studies-classroom-needs-frameworks-dangers-and-proposals/#_edn12,working
"Rewiring the History and Social Studies Classroom: Needs, Frameworks, Dangers, and Proposals",https://rrchnm.org/essays/rewiring-the-history-and-social-studies-classroom-needs-frameworks-dangers-and-proposals/,https://web.archive.org/web/20220629185858/https://rrchnm.org/essay/rewiring-the-history-and-social-studies-classroom-needs-frameworks-dangers-and-proposals/#_edn13,working
"Rewiring the History and Social Studies Classroom: Needs, Frameworks, Dangers, and Proposals",https://rrchnm.org/essays/rewiring-the-history-and-social-studies-classroom-needs-frameworks-dangers-and-proposals/,https://web.archive.org/web/20220629185858/https://rrchnm.org/essay/rewiring-the-history-and-social-studies-classroom-needs-frameworks-dangers-and-proposals/#_edn14,working
"Rewiring the History and Social Studies Classroom: Needs, Frameworks, Dangers, and Proposals",https://rrchnm.org/essays/rewiring-the-history-and-social-studies-classroom-needs-frameworks-dangers-and-proposals/,https://web.archive.org/web/20220629185858/https://rrchnm.org/essay/rewiring-the-history-and-social-studies-classroom-needs-frameworks-dangers-and-proposals/#_edn15,working
"Rewiring the History and Social Studies Classroom: Needs, Frameworks, Dangers, and Proposals",https://rrchnm.org/essays/rewiring-the-history-and-social-studies-classroom-needs-frameworks-dangers-and-proposals/,https://web.archive.org/web/20220629185858/https://rrchnm.org/essay/rewiring-the-history-and-social-studies-classroom-needs-frameworks-dangers-and-proposals/#_edn16,working
"Rewiring the History and Social Studies Classroom: Needs, Frameworks, Dangers, and Proposals",https://rrchnm.org/essays/rewiring-the-history-and-social-studies-classroom-needs-frameworks-dangers-and-proposals/,https://web.archive.org/web/20220629185858/https://rrchnm.org/essay/rewiring-the-history-and-social-studies-classroom-needs-frameworks-dangers-and-proposals/#_edn17,working
"Rewiring the History and Social Studies Classroom: Needs, Frameworks, Dangers, and Proposals",https://rrchnm.org/essays/rewiring-the-history-and-social-studies-classroom-needs-frameworks-dangers-and-proposals/,https://web.archive.org/web/20220629185858/https://rrchnm.org/essay/rewiring-the-history-and-social-studies-classroom-needs-frameworks-dangers-and-proposals/#_edn18,working
"Rewiring the History and Social Studies Classroom: Needs, Frameworks, Dangers, and Proposals",https://rrchnm.org/essays/rewiring-the-history-and-social-studies-classroom-needs-frameworks-dangers-and-proposals/,https://web.archive.org/web/20220629185858/https://rrchnm.org/essay/rewiring-the-history-and-social-studies-classroom-needs-frameworks-dangers-and-proposals/#_edn19,working
"Rewiring the History and Social Studies Classroom: Needs, Frameworks, Dangers, and Proposals",https://rrchnm.org/essays/rewiring-the-history-and-social-studies-classroom-needs-frameworks-dangers-and-proposals/,https://web.archive.org/web/20220629185858/https://rrchnm.org/essay/rewiring-the-history-and-social-studies-classroom-needs-frameworks-dangers-and-proposals/#_edn20,working
"Rewiring the History and Social Studies Classroom: Needs, Frameworks, Dangers, and Proposals",https://rrchnm.org/essays/rewiring-the-history-and-social-studies-classroom-needs-frameworks-dangers-and-proposals/,https://web.archive.org/web/20220629185858/https://rrchnm.org/essay/rewiring-the-history-and-social-studies-classroom-needs-frameworks-dangers-and-proposals/#_edn21,working
"Rewiring the History and Social Studies Classroom: Needs, Frameworks, Dangers, and Proposals",https://rrchnm.org/essays/rewiring-the-history-and-social-studies-classroom-needs-frameworks-dangers-and-proposals/,https://web.archive.org/web/20220629185858/https://rrchnm.org/essay/rewiring-the-history-and-social-studies-classroom-needs-frameworks-dangers-and-proposals/#_edn22,working
"Rewiring the History and Social Studies Classroom: Needs, Frameworks, Dangers, and Proposals",https://rrchnm.org/essays/rewiring-the-history-and-social-studies-classroom-needs-frameworks-dangers-and-proposals/,https://web.archive.org/web/20220629185858/https://rrchnm.org/essay/rewiring-the-history-and-social-studies-classroom-needs-frameworks-dangers-and-proposals/#_edn23,working
"Rewiring the History and Social Studies Classroom: Needs, Frameworks, Dangers, and Proposals",https://rrchnm.org/essays/rewiring-the-history-and-social-studies-classroom-needs-frameworks-dangers-and-proposals/,https://web.archive.org/web/20220629185858/https://rrchnm.org/essay/rewiring-the-history-and-social-studies-classroom-needs-frameworks-dangers-and-proposals/#_edn24,working
"Rewiring the History and Social Studies Classroom: Needs, Frameworks, Dangers, and Proposals",https://rrchnm.org/essays/rewiring-the-history-and-social-studies-classroom-needs-frameworks-dangers-and-proposals/,https://web.archive.org/web/20220629185858/https://rrchnm.org/essay/rewiring-the-history-and-social-studies-classroom-needs-frameworks-dangers-and-proposals/#_edn25,working
"Rewiring the History and Social Studies Classroom: Needs, Frameworks, Dangers, and Proposals",https://rrchnm.org/essays/rewiring-the-history-and-social-studies-classroom-needs-frameworks-dangers-and-proposals/,https://web.archive.org/web/20220629185858/https://rrchnm.org/essay/rewiring-the-history-and-social-studies-classroom-needs-frameworks-dangers-and-proposals/#_edn26,working
"Rewiring the History and Social Studies Classroom: Needs, Frameworks, Dangers, and Proposals",https://rrchnm.org/essays/rewiring-the-history-and-social-studies-classroom-needs-frameworks-dangers-and-proposals/,https://web.archive.org/web/20220629185858/https://rrchnm.org/essay/rewiring-the-history-and-social-studies-classroom-needs-frameworks-dangers-and-proposals/#_edn27,working
"Rewiring the History and Social Studies Classroom: Needs, Frameworks, Dangers, and Proposals",https://rrchnm.org/essays/rewiring-the-history-and-social-studies-classroom-needs-frameworks-dangers-and-proposals/,https://web.archive.org/web/20220629185858/https://rrchnm.org/essay/rewiring-the-history-and-social-studies-classroom-needs-frameworks-dangers-and-proposals/#_edn28,working
"Rewiring the History and Social Studies Classroom: Needs, Frameworks, Dangers, and Proposals",https://rrchnm.org/essays/rewiring-the-history-and-social-studies-classroom-needs-frameworks-dangers-and-proposals/,https://web.archive.org/web/20220629185858/https://rrchnm.org/essay/rewiring-the-history-and-social-studies-classroom-needs-frameworks-dangers-and-proposals/#_edn29,working
"Rewiring the History and Social Studies Classroom: Needs, Frameworks, Dangers, and Proposals",https://rrchnm.org/essays/rewiring-the-history-and-social-studies-classroom-needs-frameworks-dangers-and-proposals/,https://web.archive.org/web/20220629185858/https://rrchnm.org/essay/rewiring-the-history-and-social-studies-classroom-needs-frameworks-dangers-and-proposals/#_edn30,working
"Rewiring the History and Social Studies Classroom: Needs, Frameworks, Dangers, and Proposals",https://rrchnm.org/essays/rewiring-the-history-and-social-studies-classroom-needs-frameworks-dangers-and-proposals/,https://web.archive.org/web/20220629185858/https://rrchnm.org/essay/rewiring-the-history-and-social-studies-classroom-needs-frameworks-dangers-and-proposals/#_ednref1,working
"Rewiring the History and Social Studies Classroom: Needs, Frameworks, Dangers, and Proposals",https://rrchnm.org/essays/rewiring-the-history-and-social-studies-classroom-needs-frameworks-dangers-and-proposals/,https://web.archive.org/web/20220629185858/https://rrchnm.org/essay/rewiring-the-history-and-social-studies-classroom-needs-frameworks-dangers-and-proposals/#_ednref2,working
"Rewiring the History and Social Studies Classroom: Needs, Frameworks, Dangers, and Proposals",https://rrchnm.org/essays/rewiring-the-history-and-social-studies-classroom-needs-frameworks-dangers-and-proposals/,https://web.archive.org/web/20220629185858/http://www.word.com/machine/jacobs/phone/index.html,working
"Rewiring the History and Social Studies Classroom: Needs, Frameworks, Dangers, and Proposals",https://rrchnm.org/essays/rewiring-the-history-and-social-studies-classroom-needs-frameworks-dangers-and-proposals/,https://web.archive.org/web/20220629185858/https://rrchnm.org/essay/rewiring-the-history-and-social-studies-classroom-needs-frameworks-dangers-and-proposals/#_ednref3,working
"Rewiring the History and Social Studies Classroom: Needs, Frameworks, Dangers, and Proposals",https://rrchnm.org/essays/rewiring-the-history-and-social-studies-classroom-needs-frameworks-dangers-and-proposals/,https://web.archive.org/web/20220629185858/https://rrchnm.org/essay/rewiring-the-history-and-social-studies-classroom-needs-frameworks-dangers-and-proposals/#_ednref4,working
"Rewiring the History and Social Studies Classroom: Needs, Frameworks, Dangers, and Proposals",https://rrchnm.org/essays/rewiring-the-history-and-social-studies-classroom-needs-frameworks-dangers-and-proposals/,https://web.archive.org/web/20220629185858/http://www.forbes.com/forbes/97/0310/5905122a.htm,status code: 404
"Rewiring the History and Social Studies Classroom: Needs, Frameworks, Dangers, and Proposals",https://rrchnm.org/essays/rewiring-the-history-and-social-studies-classroom-needs-frameworks-dangers-and-proposals/,https://web.archive.org/web/20220629185858/https://rrchnm.org/essay/rewiring-the-history-and-social-studies-classroom-needs-frameworks-dangers-and-proposals/#_ednref5,working
"Rewiring the History and Social Studies Classroom: Needs, Frameworks, Dangers, and Proposals",https://rrchnm.org/essays/rewiring-the-history-and-social-studies-classroom-needs-frameworks-dangers-and-proposals/,https://web.archive.org/web/20220629185858/http://www.egroups.com/group/rre/804.html,status code: 520
"Rewiring the History and Social Studies Classroom: Needs, Frameworks, Dangers, and Proposals",https://rrchnm.org/essays/rewiring-the-history-and-social-studies-classroom-needs-frameworks-dangers-and-proposals/,https://web.archive.org/web/20220629185858/https://rrchnm.org/essay/rewiring-the-history-and-social-studies-classroom-needs-frameworks-dangers-and-proposals/#_ednref6,working
"Rewiring the History and Social Studies Classroom: Needs, Frameworks, Dangers, and Proposals",https://rrchnm.org/essays/rewiring-the-history-and-social-studies-classroom-needs-frameworks-dangers-and-proposals/,https://web.archive.org/web/20220629185858/https://rrchnm.org/essay/rewiring-the-history-and-social-studies-classroom-needs-frameworks-dangers-and-proposals/#_ednref7,working
"Rewiring the History and Social Studies Classroom: Needs, Frameworks, Dangers, and Proposals",https://rrchnm.org/essays/rewiring-the-history-and-social-studies-classroom-needs-frameworks-dangers-and-proposals/,https://web.archive.org/web/20220629185858/https://rrchnm.org/essay/rewiring-the-history-and-social-studies-classroom-needs-frameworks-dangers-and-proposals/#_ednref8,working
"Rewiring the History and Social Studies Classroom: Needs, Frameworks, Dangers, and Proposals",https://rrchnm.org/essays/rewiring-the-history-and-social-studies-classroom-needs-frameworks-dangers-and-proposals/,https://web.archive.org/web/20220629185858/http://chnm.gmu.edu/survey,working
"Rewiring the History and Social Studies Classroom: Needs, Frameworks, Dangers, and Proposals",https://rrchnm.org/essays/rewiring-the-history-and-social-studies-classroom-needs-frameworks-dangers-and-proposals/,https://web.archive.org/web/20220629185858/https://rrchnm.org/essay/rewiring-the-history-and-social-studies-classroom-needs-frameworks-dangers-and-proposals/#_ednref9,working
"Rewiring the History and Social Studies Classroom: Needs, Frameworks, Dangers, and Proposals",https://rrchnm.org/essays/rewiring-the-history-and-social-studies-classroom-needs-frameworks-dangers-and-proposals/,https://web.archive.org/web/20220629185858/http://www.georgetown.edu/crossroads/,status code: 404
"Rewiring the History and Social Studies Classroom: Needs, Frameworks, Dangers, and Proposals",https://rrchnm.org/essays/rewiring-the-history-and-social-studies-classroom-needs-frameworks-dangers-and-proposals/,https://web.archive.org/web/20220629185858/http://www.ashp.cuny.edu/index_new.html,status code: 404
"Rewiring the History and Social Studies Classroom: Needs, Frameworks, Dangers, and Proposals",https://rrchnm.org/essays/rewiring-the-history-and-social-studies-classroom-needs-frameworks-dangers-and-proposals/,https://web.archive.org/web/20220629185858/http://memory.loc.gov/ammem/ndlpedu/amfp/index.html,status code: 404
"Rewiring the History and Social Studies Classroom: Needs, Frameworks, Dangers, and Proposals",https://rrchnm.org/essays/rewiring-the-history-and-social-studies-classroom-needs-frameworks-dangers-and-proposals/,https://web.archive.org/web/20220629185858/https://rrchnm.org/essay/rewiring-the-history-and-social-studies-classroom-needs-frameworks-dangers-and-proposals/#_ednref10,working
"Rewiring the History and Social Studies Classroom: Needs, Frameworks, Dangers, and Proposals",https://rrchnm.org/essays/rewiring-the-history-and-social-studies-classroom-needs-frameworks-dangers-and-proposals/,https://web.archive.org/web/20220629185858/http://www.nueva.pvt.k12.ca.us/~debbie/library/cur/20c/turn.html,working
"Rewiring the History and Social Studies Classroom: Needs, Frameworks, Dangers, and Proposals",https://rrchnm.org/essays/rewiring-the-history-and-social-studies-classroom-needs-frameworks-dangers-and-proposals/,https://web.archive.org/web/20220629185858/https://rrchnm.org/essay/rewiring-the-history-and-social-studies-classroom-needs-frameworks-dangers-and-proposals/#_ednref11,working
"Rewiring the History and Social Studies Classroom: Needs, Frameworks, Dangers, and Proposals",https://rrchnm.org/essays/rewiring-the-history-and-social-studies-classroom-needs-frameworks-dangers-and-proposals/,https://web.archive.org/web/20220629185858/http://lcweb2.loc.gov/ammem/ndlpedu/lessons/97/firsthand/main.html,working
"Rewiring the History and Social Studies Classroom: Needs, Frameworks, Dangers, and Proposals",https://rrchnm.org/essays/rewiring-the-history-and-social-studies-classroom-needs-frameworks-dangers-and-proposals/,https://web.archive.org/web/20220629185858/http://historymatters.gmu.edu/d/16/,working
"Rewiring the History and Social Studies Classroom: Needs, Frameworks, Dangers, and Proposals",https://rrchnm.org/essays/rewiring-the-history-and-social-studies-classroom-needs-frameworks-dangers-and-proposals/,https://web.archive.org/web/20220629185858/https://rrchnm.org/essay/rewiring-the-history-and-social-studies-classroom-needs-frameworks-dangers-and-proposals/#_ednref12,working
"Rewiring the History and Social Studies Classroom: Needs, Frameworks, Dangers, and Proposals",https://rrchnm.org/essays/rewiring-the-history-and-social-studies-classroom-needs-frameworks-dangers-and-proposals/,https://web.archive.org/web/20220629185858/http://www.ala.org/aasl/ip_nine.html,status code: 404
"Rewiring the History and Social Studies Classroom: Needs, Frameworks, Dangers, and Proposals",https://rrchnm.org/essays/rewiring-the-history-and-social-studies-classroom-needs-frameworks-dangers-and-proposals/,https://web.archive.org/web/20220629185858/https://rrchnm.org/essay/rewiring-the-history-and-social-studies-classroom-needs-frameworks-dangers-and-proposals/#_ednref13,working
"Rewiring the History and Social Studies Classroom: Needs, Frameworks, Dangers, and Proposals",https://rrchnm.org/essays/rewiring-the-history-and-social-studies-classroom-needs-frameworks-dangers-and-proposals/,https://web.archive.org/web/20220629185858/http://www.oyez.org/oyez/frontpage,working
"Rewiring the History and Social Studies Classroom: Needs, Frameworks, Dangers, and Proposals",https://rrchnm.org/essays/rewiring-the-history-and-social-studies-classroom-needs-frameworks-dangers-and-proposals/,https://web.archive.org/web/20220629185858/http://www.ushmm.org/,working
"Rewiring the History and Social Studies Classroom: Needs, Frameworks, Dangers, and Proposals",https://rrchnm.org/essays/rewiring-the-history-and-social-studies-classroom-needs-frameworks-dangers-and-proposals/,https://web.archive.org/web/20220629185858/http://chnm.gmu.edu/revolution,working
"Rewiring the History and Social Studies Classroom: Needs, Frameworks, Dangers, and Proposals",https://rrchnm.org/essays/rewiring-the-history-and-social-studies-classroom-needs-frameworks-dangers-and-proposals/,https://web.archive.org/web/20220629185858/https://rrchnm.org/essay/rewiring-the-history-and-social-studies-classroom-needs-frameworks-dangers-and-proposals/#_ednref14,working
"Rewiring the History and Social Studies Classroom: Needs, Frameworks, Dangers, and Proposals",https://rrchnm.org/essays/rewiring-the-history-and-social-studies-classroom-needs-frameworks-dangers-and-proposals/,https://web.archive.org/web/20220629185858/http://memory.loc.gov/ammem/edhtml/edhome.html,working
"Rewiring the History and Social Studies Classroom: Needs, Frameworks, Dangers, and Proposals",https://rrchnm.org/essays/rewiring-the-history-and-social-studies-classroom-needs-frameworks-dangers-and-proposals/,https://web.archive.org/web/20220629185858/http://www.h-net.msu.edu/about/press/ngsw.html,working
"Rewiring the History and Social Studies Classroom: Needs, Frameworks, Dangers, and Proposals",https://rrchnm.org/essays/rewiring-the-history-and-social-studies-classroom-needs-frameworks-dangers-and-proposals/,https://web.archive.org/web/20220629185858/https://rrchnm.org/essay/rewiring-the-history-and-social-studies-classroom-needs-frameworks-dangers-and-proposals/#_ednref15,working
"Rewiring the History and Social Studies Classroom: Needs, Frameworks, Dangers, and Proposals",https://rrchnm.org/essays/rewiring-the-history-and-social-studies-classroom-needs-frameworks-dangers-and-proposals/,https://web.archive.org/web/20220629185858/https://rrchnm.org/essay/rewiring-the-history-and-social-studies-classroom-needs-frameworks-dangers-and-proposals/#_ednref16,working
"Rewiring the History and Social Studies Classroom: Needs, Frameworks, Dangers, and Proposals",https://rrchnm.org/essays/rewiring-the-history-and-social-studies-classroom-needs-frameworks-dangers-and-proposals/,https://web.archive.org/web/20220629185858/http://www.georgetown.edu/crossroads,status code: 404
"Rewiring the History and Social Studies Classroom: Needs, Frameworks, Dangers, and Proposals",https://rrchnm.org/essays/rewiring-the-history-and-social-studies-classroom-needs-frameworks-dangers-and-proposals/,https://web.archive.org/web/20220629185858/https://rrchnm.org/essay/rewiring-the-history-and-social-studies-classroom-needs-frameworks-dangers-and-proposals/#_ednref17,working
"Rewiring the History and Social Studies Classroom: Needs, Frameworks, Dangers, and Proposals",https://rrchnm.org/essays/rewiring-the-history-and-social-studies-classroom-needs-frameworks-dangers-and-proposals/,https://web.archive.org/web/20220629185858/https://rrchnm.org/essay/rewiring-the-history-and-social-studies-classroom-needs-frameworks-dangers-and-proposals/#_ednref18,working
"Rewiring the History and Social Studies Classroom: Needs, Frameworks, Dangers, and Proposals",https://rrchnm.org/essays/rewiring-the-history-and-social-studies-classroom-needs-frameworks-dangers-and-proposals/,https://web.archive.org/web/20220629185858/https://rrchnm.org/essay/rewiring-the-history-and-social-studies-classroom-needs-frameworks-dangers-and-proposals/#_ednref19,working
"Rewiring the History and Social Studies Classroom: Needs, Frameworks, Dangers, and Proposals",https://rrchnm.org/essays/rewiring-the-history-and-social-studies-classroom-needs-frameworks-dangers-and-proposals/,https://web.archive.org/web/20220629185858/http://www.internet-catalyst.org/projects/PCG/postcard.html,working
"Rewiring the History and Social Studies Classroom: Needs, Frameworks, Dangers, and Proposals",https://rrchnm.org/essays/rewiring-the-history-and-social-studies-classroom-needs-frameworks-dangers-and-proposals/,https://web.archive.org/web/20220629185858/https://rrchnm.org/essay/rewiring-the-history-and-social-studies-classroom-needs-frameworks-dangers-and-proposals/#_ednref20,working
"Rewiring the History and Social Studies Classroom: Needs, Frameworks, Dangers, and Proposals",https://rrchnm.org/essays/rewiring-the-history-and-social-studies-classroom-needs-frameworks-dangers-and-proposals/,https://web.archive.org/web/20220629185858/http://www.fred.net/nhhs/html/newspage.html,status code: 404
"Rewiring the History and Social Studies Classroom: Needs, Frameworks, Dangers, and Proposals",https://rrchnm.org/essays/rewiring-the-history-and-social-studies-classroom-needs-frameworks-dangers-and-proposals/,https://web.archive.org/web/20220629185858/https://rrchnm.org/essay/rewiring-the-history-and-social-studies-classroom-needs-frameworks-dangers-and-proposals/#_ednref21,working
"Rewiring the History and Social Studies Classroom: Needs, Frameworks, Dangers, and Proposals",https://rrchnm.org/essays/rewiring-the-history-and-social-studies-classroom-needs-frameworks-dangers-and-proposals/,https://web.archive.org/web/20220629185858/https://rrchnm.org/essay/rewiring-the-history-and-social-studies-classroom-needs-frameworks-dangers-and-proposals/#_ednref22,working
"Rewiring the History and Social Studies Classroom: Needs, Frameworks, Dangers, and Proposals",https://rrchnm.org/essays/rewiring-the-history-and-social-studies-classroom-needs-frameworks-dangers-and-proposals/,https://web.archive.org/web/20220629185858/http://www.fcps.k12.va.us/VirginiaRunES/museum/museum.htm,status code: 404
"Rewiring the History and Social Studies Classroom: Needs, Frameworks, Dangers, and Proposals",https://rrchnm.org/essays/rewiring-the-history-and-social-studies-classroom-needs-frameworks-dangers-and-proposals/,https://web.archive.org/web/20220629185858/https://rrchnm.org/essay/rewiring-the-history-and-social-studies-classroom-needs-frameworks-dangers-and-proposals/#_ednref23,working
"Rewiring the History and Social Studies Classroom: Needs, Frameworks, Dangers, and Proposals",https://rrchnm.org/essays/rewiring-the-history-and-social-studies-classroom-needs-frameworks-dangers-and-proposals/,https://web.archive.org/web/20220629185858/http://www.wms-arl.org/amf1/student.htm,working
"Rewiring the History and Social Studies Classroom: Needs, Frameworks, Dangers, and Proposals",https://rrchnm.org/essays/rewiring-the-history-and-social-studies-classroom-needs-frameworks-dangers-and-proposals/,https://web.archive.org/web/20220629185858/https://rrchnm.org/essay/rewiring-the-history-and-social-studies-classroom-needs-frameworks-dangers-and-proposals/#_ednref24,working
"Rewiring the History and Social Studies Classroom: Needs, Frameworks, Dangers, and Proposals",https://rrchnm.org/essays/rewiring-the-history-and-social-studies-classroom-needs-frameworks-dangers-and-proposals/,https://web.archive.org/web/20220629185858/http://206.252.235.34/projects/local.htm,working
"Rewiring the History and Social Studies Classroom: Needs, Frameworks, Dangers, and Proposals",https://rrchnm.org/essays/rewiring-the-history-and-social-studies-classroom-needs-frameworks-dangers-and-proposals/,https://web.archive.org/web/20220629185858/http://www.georgetown.edu/crossroads/constructive.html,status code: 404
"Rewiring the History and Social Studies Classroom: Needs, Frameworks, Dangers, and Proposals",https://rrchnm.org/essays/rewiring-the-history-and-social-studies-classroom-needs-frameworks-dangers-and-proposals/,https://web.archive.org/web/20220629185858/https://rrchnm.org/essay/rewiring-the-history-and-social-studies-classroom-needs-frameworks-dangers-and-proposals/#_ednref25,working
"Rewiring the History and Social Studies Classroom: Needs, Frameworks, Dangers, and Proposals",https://rrchnm.org/essays/rewiring-the-history-and-social-studies-classroom-needs-frameworks-dangers-and-proposals/,https://web.archive.org/web/20220629185858/https://rrchnm.org/essay/rewiring-the-history-and-social-studies-classroom-needs-frameworks-dangers-and-proposals/#_ednref26,working
"Rewiring the History and Social Studies Classroom: Needs, Frameworks, Dangers, and Proposals",https://rrchnm.org/essays/rewiring-the-history-and-social-studies-classroom-needs-frameworks-dangers-and-proposals/,https://web.archive.org/web/20220629185858/https://rrchnm.org/essay/rewiring-the-history-and-social-studies-classroom-needs-frameworks-dangers-and-proposals/#_ednref27,working
"Rewiring the History and Social Studies Classroom: Needs, Frameworks, Dangers, and Proposals",https://rrchnm.org/essays/rewiring-the-history-and-social-studies-classroom-needs-frameworks-dangers-and-proposals/,https://web.archive.org/web/20220629185858/http://www.forbes.com/forbes/98/0323/6106134a.htm,status code: 404
"Rewiring the History and Social Studies Classroom: Needs, Frameworks, Dangers, and Proposals",https://rrchnm.org/essays/rewiring-the-history-and-social-studies-classroom-needs-frameworks-dangers-and-proposals/,https://web.archive.org/web/20220629185858/https://rrchnm.org/essay/rewiring-the-history-and-social-studies-classroom-needs-frameworks-dangers-and-proposals/#_ednref28,working
"Rewiring the History and Social Studies Classroom: Needs, Frameworks, Dangers, and Proposals",https://rrchnm.org/essays/rewiring-the-history-and-social-studies-classroom-needs-frameworks-dangers-and-proposals/,https://web.archive.org/web/20220629185858/http://nces.ed.gov/pubs2002/internet/,working
"Rewiring the History and Social Studies Classroom: Needs, Frameworks, Dangers, and Proposals",https://rrchnm.org/essays/rewiring-the-history-and-social-studies-classroom-needs-frameworks-dangers-and-proposals/,https://web.archive.org/web/20220629185858/http://www.ntia.doc.gov/ntiahome/digitaldivide/,status code: 403
"Rewiring the History and Social Studies Classroom: Needs, Frameworks, Dangers, and Proposals",https://rrchnm.org/essays/rewiring-the-history-and-social-studies-classroom-needs-frameworks-dangers-and-proposals/,https://web.archive.org/web/20220629185858/https://rrchnm.org/essay/rewiring-the-history-and-social-studies-classroom-needs-frameworks-dangers-and-proposals/#_ednref29,working
"Rewiring the History and Social Studies Classroom: Needs, Frameworks, Dangers, and Proposals",https://rrchnm.org/essays/rewiring-the-history-and-social-studies-classroom-needs-frameworks-dangers-and-proposals/,https://web.archive.org/web/20220629185858/http://www.georgetown.edu/crossroads/,status code: 404
"Rewiring the History and Social Studies Classroom: Needs, Frameworks, Dangers, and Proposals",https://rrchnm.org/essays/rewiring-the-history-and-social-studies-classroom-needs-frameworks-dangers-and-proposals/,https://web.archive.org/web/20220629185858/http://historymatters.gmu.edu/,working
"Rewiring the History and Social Studies Classroom: Needs, Frameworks, Dangers, and Proposals",https://rrchnm.org/essays/rewiring-the-history-and-social-studies-classroom-needs-frameworks-dangers-and-proposals/,https://web.archive.org/web/20220629185858/https://rrchnm.org/essay/rewiring-the-history-and-social-studies-classroom-needs-frameworks-dangers-and-proposals/#_ednref30,working
The Future of Labor’s Past,https://rrchnm.org/essays/the-future-of-labors-past/,https://web.archive.org/web/20220629183301/https://rrchnm.org/essay/the-future-of-labors-past/#_edn1,working
The Future of Labor’s Past,https://rrchnm.org/essays/the-future-of-labors-past/,https://web.archive.org/web/20220629183301/https://rrchnm.org/essay/the-future-of-labors-past/#_edn2,working
The Future of Labor’s Past,https://rrchnm.org/essays/the-future-of-labors-past/,https://web.archive.org/web/20220629183301/https://rrchnm.org/essay/the-future-of-labors-past/#_edn3,working
The Future of Labor’s Past,https://rrchnm.org/essays/the-future-of-labors-past/,https://web.archive.org/web/20220629183301/https://rrchnm.org/essay/the-future-of-labors-past/#_edn4,working
The Future of Labor’s Past,https://rrchnm.org/essays/the-future-of-labors-past/,https://web.archive.org/web/20220629183301/https://rrchnm.org/essay/the-future-of-labors-past/#_edn5,working
The Future of Labor’s Past,https://rrchnm.org/essays/the-future-of-labors-past/,https://web.archive.org/web/20220629183301/https://rrchnm.org/essay/the-future-of-labors-past/#_edn6,working
The Future of Labor’s Past,https://rrchnm.org/essays/the-future-of-labors-past/,https://web.archive.org/web/20220629183301/https://rrchnm.org/essay/the-future-of-labors-past/#_edn7,working
The Future of Labor’s Past,https://rrchnm.org/essays/the-future-of-labors-past/,https://web.archive.org/web/20220629183301/https://rrchnm.org/essay/the-future-of-labors-past/#_edn8,working
The Future of Labor’s Past,https://rrchnm.org/essays/the-future-of-labors-past/,https://web.archive.org/web/20220629183301/https://rrchnm.org/essay/the-future-of-labors-past/#_edn9,working
The Future of Labor’s Past,https://rrchnm.org/essays/the-future-of-labors-past/,https://web.archive.org/web/20220629183301/https://rrchnm.org/essay/the-future-of-labors-past/#_edn10,working
The Future of Labor’s Past,https://rrchnm.org/essays/the-future-of-labors-past/,https://web.archive.org/web/20220629183301/https://rrchnm.org/essay/the-future-of-labors-past/#_edn11,working
The Future of Labor’s Past,https://rrchnm.org/essays/the-future-of-labors-past/,https://web.archive.org/web/20220629183301/https://rrchnm.org/essay/the-future-of-labors-past/#_edn12,working
The Future of Labor’s Past,https://rrchnm.org/essays/the-future-of-labors-past/,https://web.archive.org/web/20220629183301/https://rrchnm.org/essay/the-future-of-labors-past/#_edn13,working
The Future of Labor’s Past,https://rrchnm.org/essays/the-future-of-labors-past/,https://web.archive.org/web/20220629183301/https://rrchnm.org/essay/the-future-of-labors-past/#_edn14,working
The Future of Labor’s Past,https://rrchnm.org/essays/the-future-of-labors-past/,https://web.archive.org/web/20220629183301/https://rrchnm.org/essay/the-future-of-labors-past/#_edn15,working
The Future of Labor’s Past,https://rrchnm.org/essays/the-future-of-labors-past/,https://web.archive.org/web/20220629183301/https://rrchnm.org/essay/the-future-of-labors-past/#_edn16,working
The Future of Labor’s Past,https://rrchnm.org/essays/the-future-of-labors-past/,https://web.archive.org/web/20220629183301/https://rrchnm.org/essay/the-future-of-labors-past/#_edn17,working
The Future of Labor’s Past,https://rrchnm.org/essays/the-future-of-labors-past/,https://web.archive.org/web/20220629183301/https://rrchnm.org/essay/the-future-of-labors-past/#_edn18,working
The Future of Labor’s Past,https://rrchnm.org/essays/the-future-of-labors-past/,https://web.archive.org/web/20220629183301/https://rrchnm.org/essay/the-future-of-labors-past/#_edn19,working
The Future of Labor’s Past,https://rrchnm.org/essays/the-future-of-labors-past/,https://web.archive.org/web/20220629183301/https://rrchnm.org/essay/the-future-of-labors-past/#_edn20,working
The Future of Labor’s Past,https://rrchnm.org/essays/the-future-of-labors-past/,https://web.archive.org/web/20220629183301/https://rrchnm.org/essay/the-future-of-labors-past/#_edn21,working
The Future of Labor’s Past,https://rrchnm.org/essays/the-future-of-labors-past/,https://web.archive.org/web/20220629183301/https://rrchnm.org/essay/the-future-of-labors-past/#_edn22,working
The Future of Labor’s Past,https://rrchnm.org/essays/the-future-of-labors-past/,https://web.archive.org/web/20220629183301/https://rrchnm.org/essay/the-future-of-labors-past/#_edn23,working
The Future of Labor’s Past,https://rrchnm.org/essays/the-future-of-labors-past/,https://web.archive.org/web/20220629183301/https://rrchnm.org/essay/the-future-of-labors-past/#_edn24,working
The Future of Labor’s Past,https://rrchnm.org/essays/the-future-of-labors-past/,https://web.archive.org/web/20220629183301/https://rrchnm.org/essay/the-future-of-labors-past/#_edn25,working
The Future of Labor’s Past,https://rrchnm.org/essays/the-future-of-labors-past/,https://web.archive.org/web/20220629183301/https://rrchnm.org/essay/the-future-of-labors-past/#_edn26,working
The Future of Labor’s Past,https://rrchnm.org/essays/the-future-of-labors-past/,https://web.archive.org/web/20220629183301/https://rrchnm.org/essay/the-future-of-labors-past/#_edn27,working
The Future of Labor’s Past,https://rrchnm.org/essays/the-future-of-labors-past/,https://web.archive.org/web/20220629183301/https://rrchnm.org/essay/the-future-of-labors-past/#_edn28,working
The Future of Labor’s Past,https://rrchnm.org/essays/the-future-of-labors-past/,https://web.archive.org/web/20220629183301/https://rrchnm.org/essay/the-future-of-labors-past/#_edn29,working
The Future of Labor’s Past,https://rrchnm.org/essays/the-future-of-labors-past/,https://web.archive.org/web/20220629183301/https://rrchnm.org/essay/the-future-of-labors-past/#_edn30,working
The Future of Labor’s Past,https://rrchnm.org/essays/the-future-of-labors-past/,https://web.archive.org/web/20220629183301/https://rrchnm.org/essay/the-future-of-labors-past/#_edn31,working
The Future of Labor’s Past,https://rrchnm.org/essays/the-future-of-labors-past/,https://web.archive.org/web/20220629183301/https://rrchnm.org/essay/the-future-of-labors-past/#_edn32,working
The Future of Labor’s Past,https://rrchnm.org/essays/the-future-of-labors-past/,https://web.archive.org/web/20220629183301/https://rrchnm.org/essay/the-future-of-labors-past/#_edn33,working
The Future of Labor’s Past,https://rrchnm.org/essays/the-future-of-labors-past/,https://web.archive.org/web/20220629183301/https://rrchnm.org/essay/the-future-of-labors-past/#_edn34,working
The Future of Labor’s Past,https://rrchnm.org/essays/the-future-of-labors-past/,https://web.archive.org/web/20220629183301/https://rrchnm.org/essay/the-future-of-labors-past/#_edn35,working
The Future of Labor’s Past,https://rrchnm.org/essays/the-future-of-labors-past/,https://web.archive.org/web/20220629183301/https://rrchnm.org/essay/the-future-of-labors-past/#_edn36,working
The Future of Labor’s Past,https://rrchnm.org/essays/the-future-of-labors-past/,https://web.archive.org/web/20220629183301/https://rrchnm.org/essay/the-future-of-labors-past/#_edn37,working
The Future of Labor’s Past,https://rrchnm.org/essays/the-future-of-labors-past/,https://web.archive.org/web/20220629183301/https://rrchnm.org/essay/the-future-of-labors-past/#_edn38,working
The Future of Labor’s Past,https://rrchnm.org/essays/the-future-of-labors-past/,https://web.archive.org/web/20220629183301/https://rrchnm.org/essay/the-future-of-labors-past/#_edn39,working
The Future of Labor’s Past,https://rrchnm.org/essays/the-future-of-labors-past/,https://web.archive.org/web/20220629183301/https://rrchnm.org/essay/the-future-of-labors-past/#_edn40,working
The Future of Labor’s Past,https://rrchnm.org/essays/the-future-of-labors-past/,https://web.archive.org/web/20220629183301/https://rrchnm.org/essay/the-future-of-labors-past/#_edn41,working
The Future of Labor’s Past,https://rrchnm.org/essays/the-future-of-labors-past/,https://web.archive.org/web/20220629183301/https://rrchnm.org/essay/the-future-of-labors-past/#_edn42,working
The Future of Labor’s Past,https://rrchnm.org/essays/the-future-of-labors-past/,https://web.archive.org/web/20220629183301/https://rrchnm.org/essay/the-future-of-labors-past/#_edn43,working
The Future of Labor’s Past,https://rrchnm.org/essays/the-future-of-labors-past/,https://web.archive.org/web/20220629183301/https://rrchnm.org/essay/the-future-of-labors-past/#_edn44,working
The Future of Labor’s Past,https://rrchnm.org/essays/the-future-of-labors-past/,https://web.archive.org/web/20220629183301/https://rrchnm.org/essay/the-future-of-labors-past/#_edn45,working
The Future of Labor’s Past,https://rrchnm.org/essays/the-future-of-labors-past/,https://web.archive.org/web/20220629183301/https://rrchnm.org/essay/the-future-of-labors-past/#_edn46,working
The Future of Labor’s Past,https://rrchnm.org/essays/the-future-of-labors-past/,https://web.archive.org/web/20220629183301/https://rrchnm.org/essay/the-future-of-labors-past/#_edn47,working
The Future of Labor’s Past,https://rrchnm.org/essays/the-future-of-labors-past/,https://web.archive.org/web/20220629183301/https://rrchnm.org/essay/the-future-of-labors-past/#_edn48,working
The Future of Labor’s Past,https://rrchnm.org/essays/the-future-of-labors-past/,https://web.archive.org/web/20220629183301/https://rrchnm.org/essay/the-future-of-labors-past/#_edn49,working
The Future of Labor’s Past,https://rrchnm.org/essays/the-future-of-labors-past/,https://web.archive.org/web/20220629183301/https://rrchnm.org/essay/the-future-of-labors-past/#_edn50,working
The Future of Labor’s Past,https://rrchnm.org/essays/the-future-of-labors-past/,https://web.archive.org/web/20220629183301/https://rrchnm.org/essay/the-future-of-labors-past/#_edn51,working
The Future of Labor’s Past,https://rrchnm.org/essays/the-future-of-labors-past/,https://web.archive.org/web/20220629183301/https://rrchnm.org/essay/the-future-of-labors-past/#_edn52,working
The Future of Labor’s Past,https://rrchnm.org/essays/the-future-of-labors-past/,https://web.archive.org/web/20220629183301/https://rrchnm.org/essay/the-future-of-labors-past/#_edn53,working
The Future of Labor’s Past,https://rrchnm.org/essays/the-future-of-labors-past/,https://web.archive.org/web/20220629183301/https://rrchnm.org/essay/the-future-of-labors-past/#_edn54,working
The Future of Labor’s Past,https://rrchnm.org/essays/the-future-of-labors-past/,https://web.archive.org/web/20220629183301/https://rrchnm.org/essay/the-future-of-labors-past/#_edn55,working
The Future of Labor’s Past,https://rrchnm.org/essays/the-future-of-labors-past/,https://web.archive.org/web/20220629183301/https://rrchnm.org/essay/the-future-of-labors-past/#_edn56,working
The Future of Labor’s Past,https://rrchnm.org/essays/the-future-of-labors-past/,https://web.archive.org/web/20220629183301/https://rrchnm.org/essay/the-future-of-labors-past/#_edn57,working
The Future of Labor’s Past,https://rrchnm.org/essays/the-future-of-labors-past/,https://web.archive.org/web/20220629183301/https://rrchnm.org/essay/the-future-of-labors-past/#_edn58,working
The Future of Labor’s Past,https://rrchnm.org/essays/the-future-of-labors-past/,https://web.archive.org/web/20220629183301/https://rrchnm.org/essay/the-future-of-labors-past/#_ednref1,working
The Future of Labor’s Past,https://rrchnm.org/essays/the-future-of-labors-past/,https://web.archive.org/web/20220629183301/https://rrchnm.org/essay/the-future-of-labors-past/#_ednref2,working
The Future of Labor’s Past,https://rrchnm.org/essays/the-future-of-labors-past/,https://web.archive.org/web/20220629183301/https://rrchnm.org/essay/the-future-of-labors-past/#_ednref3,working
The Future of Labor’s Past,https://rrchnm.org/essays/the-future-of-labors-past/,https://web.archive.org/web/20220629183301/https://rrchnm.org/essay/the-future-of-labors-past/#_ednref4,working
The Future of Labor’s Past,https://rrchnm.org/essays/the-future-of-labors-past/,https://web.archive.org/web/20220629183301/https://rrchnm.org/essay/the-future-of-labors-past/#_ednref5,working
The Future of Labor’s Past,https://rrchnm.org/essays/the-future-of-labors-past/,https://web.archive.org/web/20220629183301/https://rrchnm.org/essay/the-future-of-labors-past/#_ednref6,working
The Future of Labor’s Past,https://rrchnm.org/essays/the-future-of-labors-past/,https://web.archive.org/web/20220629183301/https://rrchnm.org/essay/the-future-of-labors-past/#_ednref7,working
The Future of Labor’s Past,https://rrchnm.org/essays/the-future-of-labors-past/,https://web.archive.org/web/20220629183301/https://rrchnm.org/essay/the-future-of-labors-past/#_ednref8,working
The Future of Labor’s Past,https://rrchnm.org/essays/the-future-of-labors-past/,https://web.archive.org/web/20220629183301/https://rrchnm.org/essay/the-future-of-labors-past/#_ednref9,working
The Future of Labor’s Past,https://rrchnm.org/essays/the-future-of-labors-past/,https://web.archive.org/web/20220629183301/https://rrchnm.org/essay/the-future-of-labors-past/#_ednref10,working
The Future of Labor’s Past,https://rrchnm.org/essays/the-future-of-labors-past/,https://web.archive.org/web/20220629183301/https://rrchnm.org/essay/the-future-of-labors-past/#_ednref11,working
The Future of Labor’s Past,https://rrchnm.org/essays/the-future-of-labors-past/,https://web.archive.org/web/20220629183301/https://rrchnm.org/essay/the-future-of-labors-past/#_ednref12,working
The Future of Labor’s Past,https://rrchnm.org/essays/the-future-of-labors-past/,https://web.archive.org/web/20220629183301/https://rrchnm.org/essay/the-future-of-labors-past/#_ednref13,working
The Future of Labor’s Past,https://rrchnm.org/essays/the-future-of-labors-past/,https://web.archive.org/web/20220629183301/https://rrchnm.org/essay/the-future-of-labors-past/#_ednref13,working
The Future of Labor’s Past,https://rrchnm.org/essays/the-future-of-labors-past/,https://web.archive.org/web/20220629183301/https://rrchnm.org/essay/the-future-of-labors-past/#_ednref14,working
The Future of Labor’s Past,https://rrchnm.org/essays/the-future-of-labors-past/,https://web.archive.org/web/20220629183301/https://rrchnm.org/essay/the-future-of-labors-past/#_ednref15,working
The Future of Labor’s Past,https://rrchnm.org/essays/the-future-of-labors-past/,https://web.archive.org/web/20220629183301/https://rrchnm.org/essay/the-future-of-labors-past/#_ednref16,working
The Future of Labor’s Past,https://rrchnm.org/essays/the-future-of-labors-past/,https://web.archive.org/web/20220629183301/https://rrchnm.org/essay/the-future-of-labors-past/#_ednref17,working
The Future of Labor’s Past,https://rrchnm.org/essays/the-future-of-labors-past/,https://web.archive.org/web/20220629183301/https://rrchnm.org/essay/the-future-of-labors-past/#_ednref18,working
The Future of Labor’s Past,https://rrchnm.org/essays/the-future-of-labors-past/,https://web.archive.org/web/20220629183301/https://rrchnm.org/essay/the-future-of-labors-past/#_ednref19,working
The Future of Labor’s Past,https://rrchnm.org/essays/the-future-of-labors-past/,https://web.archive.org/web/20220629183301/https://rrchnm.org/essay/the-future-of-labors-past/#_ednref20,working
The Future of Labor’s Past,https://rrchnm.org/essays/the-future-of-labors-past/,https://web.archive.org/web/20220629183301/https://rrchnm.org/essay/the-future-of-labors-past/#_ednref21,working
The Future of Labor’s Past,https://rrchnm.org/essays/the-future-of-labors-past/,https://web.archive.org/web/20220629183301/https://rrchnm.org/essay/the-future-of-labors-past/#_ednref22,working
The Future of Labor’s Past,https://rrchnm.org/essays/the-future-of-labors-past/,https://web.archive.org/web/20220629183301/https://rrchnm.org/essay/the-future-of-labors-past/#_ednref23,working
The Future of Labor’s Past,https://rrchnm.org/essays/the-future-of-labors-past/,https://web.archive.org/web/20220629183301/https://rrchnm.org/essay/the-future-of-labors-past/#_ednref24,working
The Future of Labor’s Past,https://rrchnm.org/essays/the-future-of-labors-past/,https://web.archive.org/web/20220629183301/https://rrchnm.org/essay/the-future-of-labors-past/#_ednref25,working
The Future of Labor’s Past,https://rrchnm.org/essays/the-future-of-labors-past/,https://web.archive.org/web/20220629183301/https://rrchnm.org/essay/the-future-of-labors-past/#_ednref26,working
The Future of Labor’s Past,https://rrchnm.org/essays/the-future-of-labors-past/,https://web.archive.org/web/20220629183301/https://rrchnm.org/essay/the-future-of-labors-past/#_ednref27,working
The Future of Labor’s Past,https://rrchnm.org/essays/the-future-of-labors-past/,https://web.archive.org/web/20220629183301/https://rrchnm.org/essay/the-future-of-labors-past/#_ednref28,working
The Future of Labor’s Past,https://rrchnm.org/essays/the-future-of-labors-past/,https://web.archive.org/web/20220629183301/https://rrchnm.org/essay/the-future-of-labors-past/#_ednref29,working
The Future of Labor’s Past,https://rrchnm.org/essays/the-future-of-labors-past/,https://web.archive.org/web/20220629183301/https://rrchnm.org/essay/the-future-of-labors-past/#_ednref30,working
The Future of Labor’s Past,https://rrchnm.org/essays/the-future-of-labors-past/,https://web.archive.org/web/20220629183301/https://rrchnm.org/essay/the-future-of-labors-past/#_ednref31,working
The Future of Labor’s Past,https://rrchnm.org/essays/the-future-of-labors-past/,https://web.archive.org/web/20220629183301/https://rrchnm.org/essay/the-future-of-labors-past/#_ednref32,working
The Future of Labor’s Past,https://rrchnm.org/essays/the-future-of-labors-past/,https://web.archive.org/web/20220629183301/https://rrchnm.org/essay/the-future-of-labors-past/#_ednref33,working
The Future of Labor’s Past,https://rrchnm.org/essays/the-future-of-labors-past/,https://web.archive.org/web/20220629183301/https://rrchnm.org/essay/the-future-of-labors-past/#_ednref34,working
The Future of Labor’s Past,https://rrchnm.org/essays/the-future-of-labors-past/,https://web.archive.org/web/20220629183301/https://rrchnm.org/essay/the-future-of-labors-past/#_ednref35,working
The Future of Labor’s Past,https://rrchnm.org/essays/the-future-of-labors-past/,https://web.archive.org/web/20220629183301/https://rrchnm.org/essay/the-future-of-labors-past/#_ednref36,working
The Future of Labor’s Past,https://rrchnm.org/essays/the-future-of-labors-past/,https://web.archive.org/web/20220629183301/https://rrchnm.org/essay/the-future-of-labors-past/#_ednref37,working
The Future of Labor’s Past,https://rrchnm.org/essays/the-future-of-labors-past/,https://web.archive.org/web/20220629183301/https://rrchnm.org/essay/the-future-of-labors-past/#_ednref38,working
The Future of Labor’s Past,https://rrchnm.org/essays/the-future-of-labors-past/,https://web.archive.org/web/20220629183301/https://rrchnm.org/essay/the-future-of-labors-past/#_ednref39,working
The Future of Labor’s Past,https://rrchnm.org/essays/the-future-of-labors-past/,https://web.archive.org/web/20220629183301/https://rrchnm.org/essay/the-future-of-labors-past/#_ednref40,working
The Future of Labor’s Past,https://rrchnm.org/essays/the-future-of-labors-past/,https://web.archive.org/web/20220629183301/https://rrchnm.org/essay/the-future-of-labors-past/#_ednref41,working
The Future of Labor’s Past,https://rrchnm.org/essays/the-future-of-labors-past/,https://web.archive.org/web/20220629183301/https://rrchnm.org/essay/the-future-of-labors-past/#_ednref42,working
The Future of Labor’s Past,https://rrchnm.org/essays/the-future-of-labors-past/,https://web.archive.org/web/20220629183301/https://rrchnm.org/essay/the-future-of-labors-past/#_ednref43,working
The Future of Labor’s Past,https://rrchnm.org/essays/the-future-of-labors-past/,https://web.archive.org/web/20220629183301/https://rrchnm.org/essay/the-future-of-labors-past/#_ednref44,working
The Future of Labor’s Past,https://rrchnm.org/essays/the-future-of-labors-past/,https://web.archive.org/web/20220629183301/https://rrchnm.org/essay/the-future-of-labors-past/#_ednref45,working
The Future of Labor’s Past,https://rrchnm.org/essays/the-future-of-labors-past/,https://web.archive.org/web/20220629183301/https://rrchnm.org/essay/the-future-of-labors-past/#_ednref46,working
The Future of Labor’s Past,https://rrchnm.org/essays/the-future-of-labors-past/,https://web.archive.org/web/20220629183301/https://rrchnm.org/essay/the-future-of-labors-past/#_ednref47,working
The Future of Labor’s Past,https://rrchnm.org/essays/the-future-of-labors-past/,https://web.archive.org/web/20220629183301/https://rrchnm.org/essay/the-future-of-labors-past/#_ednref48,working
The Future of Labor’s Past,https://rrchnm.org/essays/the-future-of-labors-past/,https://web.archive.org/web/20220629183301/https://rrchnm.org/essay/the-future-of-labors-past/#_ednref49,working
The Future of Labor’s Past,https://rrchnm.org/essays/the-future-of-labors-past/,https://web.archive.org/web/20220629183301/https://rrchnm.org/essay/the-future-of-labors-past/#_ednref50,working
The Future of Labor’s Past,https://rrchnm.org/essays/the-future-of-labors-past/,https://web.archive.org/web/20220629183301/https://rrchnm.org/essay/the-future-of-labors-past/#_ednref51,working
The Future of Labor’s Past,https://rrchnm.org/essays/the-future-of-labors-past/,https://web.archive.org/web/20220629183301/https://rrchnm.org/essay/the-future-of-labors-past/#_ednref52,working
The Future of Labor’s Past,https://rrchnm.org/essays/the-future-of-labors-past/,https://web.archive.org/web/20220629183301/https://rrchnm.org/essay/the-future-of-labors-past/#_ednref53,working
The Future of Labor’s Past,https://rrchnm.org/essays/the-future-of-labors-past/,https://web.archive.org/web/20220629183301/https://rrchnm.org/essay/the-future-of-labors-past/#_ednref54,working
The Future of Labor’s Past,https://rrchnm.org/essays/the-future-of-labors-past/,https://web.archive.org/web/20220629183301/https://rrchnm.org/essay/the-future-of-labors-past/#_ednref55,working
The Future of Labor’s Past,https://rrchnm.org/essays/the-future-of-labors-past/,https://web.archive.org/web/20220629183301/https://rrchnm.org/essay/the-future-of-labors-past/#_ednref58,working
‘We Shall Be All’: Designing History for the Web,https://rrchnm.org/essays/we-shall-be-all-designing-history-for-the-web/,https://web.archive.org/web/20220629190813/https://rrchnm.org/essay/we-shall-be-all-designing-history-for-the-web/#_edn1,working
‘We Shall Be All’: Designing History for the Web,https://rrchnm.org/essays/we-shall-be-all-designing-history-for-the-web/,https://web.archive.org/web/20220629190813/https://rrchnm.org/essay/we-shall-be-all-designing-history-for-the-web/#_edn2,working
‘We Shall Be All’: Designing History for the Web,https://rrchnm.org/essays/we-shall-be-all-designing-history-for-the-web/,https://web.archive.org/web/20220629190813/https://rrchnm.org/essay/we-shall-be-all-designing-history-for-the-web/#_edn3,working
‘We Shall Be All’: Designing History for the Web,https://rrchnm.org/essays/we-shall-be-all-designing-history-for-the-web/,https://web.archive.org/web/20220629190813/https://rrchnm.org/essay/we-shall-be-all-designing-history-for-the-web/#_ednref1,working
‘We Shall Be All’: Designing History for the Web,https://rrchnm.org/essays/we-shall-be-all-designing-history-for-the-web/,https://web.archive.org/web/20220629190813/http://www.chronicle.com/,working
‘We Shall Be All’: Designing History for the Web,https://rrchnm.org/essays/we-shall-be-all-designing-history-for-the-web/,https://web.archive.org/web/20220629190813/https://rrchnm.org/essay/we-shall-be-all-designing-history-for-the-web/#_ednref2,working
‘We Shall Be All’: Designing History for the Web,https://rrchnm.org/essays/we-shall-be-all-designing-history-for-the-web/,https://web.archive.org/web/20220629190813/http://www.chronicle.com/,working
‘We Shall Be All’: Designing History for the Web,https://rrchnm.org/essays/we-shall-be-all-designing-history-for-the-web/,https://web.archive.org/web/20220629190813/https://rrchnm.org/essay/we-shall-be-all-designing-history-for-the-web/#_ednref3,working
"Wizards, Bureaucrats, Warriors & Hackers: Writing the History of the Internet",https://rrchnm.org/essays/wizards-bureaucrats-warriors-hackers-writing-the-history-of-the-internet/,https://web.archive.org/web/20220528102738/https://rrchnm.org/essay/wizards-bureaucrats-warriors-hackers-writing-the-history-of-the-internet/#_edn1,working
"Wizards, Bureaucrats, Warriors & Hackers: Writing the History of the Internet",https://rrchnm.org/essays/wizards-bureaucrats-warriors-hackers-writing-the-history-of-the-internet/,https://web.archive.org/web/20220528102738/https://rrchnm.org/essay/wizards-bureaucrats-warriors-hackers-writing-the-history-of-the-internet/#_edn2,working
"Wizards, Bureaucrats, Warriors & Hackers: Writing the History of the Internet",https://rrchnm.org/essays/wizards-bureaucrats-warriors-hackers-writing-the-history-of-the-internet/,https://web.archive.org/web/20220528102738/https://rrchnm.org/essay/wizards-bureaucrats-warriors-hackers-writing-the-history-of-the-internet/#_edn3,working
"Wizards, Bureaucrats, Warriors & Hackers: Writing the History of the Internet",https://rrchnm.org/essays/wizards-bureaucrats-warriors-hackers-writing-the-history-of-the-internet/,https://web.archive.org/web/20220528102738/https://rrchnm.org/essay/wizards-bureaucrats-warriors-hackers-writing-the-history-of-the-internet/#_edn4,working
"Wizards, Bureaucrats, Warriors & Hackers: Writing the History of the Internet",https://rrchnm.org/essays/wizards-bureaucrats-warriors-hackers-writing-the-history-of-the-internet/,https://web.archive.org/web/20220528102738/https://rrchnm.org/essay/wizards-bureaucrats-warriors-hackers-writing-the-history-of-the-internet/#_edn5,working
"Wizards, Bureaucrats, Warriors & Hackers: Writing the History of the Internet",https://rrchnm.org/essays/wizards-bureaucrats-warriors-hackers-writing-the-history-of-the-internet/,https://web.archive.org/web/20220528102738/https://rrchnm.org/essay/wizards-bureaucrats-warriors-hackers-writing-the-history-of-the-internet/#_edn6,working
"Wizards, Bureaucrats, Warriors & Hackers: Writing the History of the Internet",https://rrchnm.org/essays/wizards-bureaucrats-warriors-hackers-writing-the-history-of-the-internet/,https://web.archive.org/web/20220528102738/https://rrchnm.org/essay/wizards-bureaucrats-warriors-hackers-writing-the-history-of-the-internet/#_edn7,working
"Wizards, Bureaucrats, Warriors & Hackers: Writing the History of the Internet",https://rrchnm.org/essays/wizards-bureaucrats-warriors-hackers-writing-the-history-of-the-internet/,https://web.archive.org/web/20220528102738/https://rrchnm.org/essay/wizards-bureaucrats-warriors-hackers-writing-the-history-of-the-internet/#_edn8,working
"Wizards, Bureaucrats, Warriors & Hackers: Writing the History of the Internet",https://rrchnm.org/essays/wizards-bureaucrats-warriors-hackers-writing-the-history-of-the-internet/,https://web.archive.org/web/20220528102738/https://rrchnm.org/essay/wizards-bureaucrats-warriors-hackers-writing-the-history-of-the-internet/#_edn9,working
"Wizards, Bureaucrats, Warriors & Hackers: Writing the History of the Internet",https://rrchnm.org/essays/wizards-bureaucrats-warriors-hackers-writing-the-history-of-the-internet/,https://web.archive.org/web/20220528102738/https://rrchnm.org/essay/wizards-bureaucrats-warriors-hackers-writing-the-history-of-the-internet/#_edn10,working
"Wizards, Bureaucrats, Warriors & Hackers: Writing the History of the Internet",https://rrchnm.org/essays/wizards-bureaucrats-warriors-hackers-writing-the-history-of-the-internet/,https://web.archive.org/web/20220528102738/https://rrchnm.org/essay/wizards-bureaucrats-warriors-hackers-writing-the-history-of-the-internet/#_edn11,working
"Wizards, Bureaucrats, Warriors & Hackers: Writing the History of the Internet",https://rrchnm.org/essays/wizards-bureaucrats-warriors-hackers-writing-the-history-of-the-internet/,https://web.archive.org/web/20220528102738/https://rrchnm.org/essay/wizards-bureaucrats-warriors-hackers-writing-the-history-of-the-internet/#_edn12,working
"Wizards, Bureaucrats, Warriors & Hackers: Writing the History of the Internet",https://rrchnm.org/essays/wizards-bureaucrats-warriors-hackers-writing-the-history-of-the-internet/,https://web.archive.org/web/20220528102738/https://rrchnm.org/essay/wizards-bureaucrats-warriors-hackers-writing-the-history-of-the-internet/#_edn13,working
"Wizards, Bureaucrats, Warriors & Hackers: Writing the History of the Internet",https://rrchnm.org/essays/wizards-bureaucrats-warriors-hackers-writing-the-history-of-the-internet/,https://web.archive.org/web/20220528102738/https://rrchnm.org/essay/wizards-bureaucrats-warriors-hackers-writing-the-history-of-the-internet/#_edn14,working
"Wizards, Bureaucrats, Warriors & Hackers: Writing the History of the Internet",https://rrchnm.org/essays/wizards-bureaucrats-warriors-hackers-writing-the-history-of-the-internet/,https://web.archive.org/web/20220528102738/https://rrchnm.org/essay/wizards-bureaucrats-warriors-hackers-writing-the-history-of-the-internet/#_edn15,working
"Wizards, Bureaucrats, Warriors & Hackers: Writing the History of the Internet",https://rrchnm.org/essays/wizards-bureaucrats-warriors-hackers-writing-the-history-of-the-internet/,https://web.archive.org/web/20220528102738/https://rrchnm.org/essay/wizards-bureaucrats-warriors-hackers-writing-the-history-of-the-internet/#_edn16,working
"Wizards, Bureaucrats, Warriors & Hackers: Writing the History of the Internet",https://rrchnm.org/essays/wizards-bureaucrats-warriors-hackers-writing-the-history-of-the-internet/,https://web.archive.org/web/20220528102738/https://rrchnm.org/essay/wizards-bureaucrats-warriors-hackers-writing-the-history-of-the-internet/#_edn17,working
"Wizards, Bureaucrats, Warriors & Hackers: Writing the History of the Internet",https://rrchnm.org/essays/wizards-bureaucrats-warriors-hackers-writing-the-history-of-the-internet/,https://web.archive.org/web/20220528102738/https://rrchnm.org/essay/wizards-bureaucrats-warriors-hackers-writing-the-history-of-the-internet/#_edn18,working
"Wizards, Bureaucrats, Warriors & Hackers: Writing the History of the Internet",https://rrchnm.org/essays/wizards-bureaucrats-warriors-hackers-writing-the-history-of-the-internet/,https://web.archive.org/web/20220528102738/https://rrchnm.org/essay/wizards-bureaucrats-warriors-hackers-writing-the-history-of-the-internet/#_edn19,working
"Wizards, Bureaucrats, Warriors & Hackers: Writing the History of the Internet",https://rrchnm.org/essays/wizards-bureaucrats-warriors-hackers-writing-the-history-of-the-internet/,https://web.archive.org/web/20220528102738/https://rrchnm.org/essay/wizards-bureaucrats-warriors-hackers-writing-the-history-of-the-internet/#_edn20,working
"Wizards, Bureaucrats, Warriors & Hackers: Writing the History of the Internet",https://rrchnm.org/essays/wizards-bureaucrats-warriors-hackers-writing-the-history-of-the-internet/,https://web.archive.org/web/20220528102738/https://rrchnm.org/essay/wizards-bureaucrats-warriors-hackers-writing-the-history-of-the-internet/#_edn21,working
"Wizards, Bureaucrats, Warriors & Hackers: Writing the History of the Internet",https://rrchnm.org/essays/wizards-bureaucrats-warriors-hackers-writing-the-history-of-the-internet/,https://web.archive.org/web/20220528102738/https://rrchnm.org/essay/wizards-bureaucrats-warriors-hackers-writing-the-history-of-the-internet/#_edn22,working
"Wizards, Bureaucrats, Warriors & Hackers: Writing the History of the Internet",https://rrchnm.org/essays/wizards-bureaucrats-warriors-hackers-writing-the-history-of-the-internet/,https://web.archive.org/web/20220528102738/https://rrchnm.org/essay/wizards-bureaucrats-warriors-hackers-writing-the-history-of-the-internet/#_edn23,working
"Wizards, Bureaucrats, Warriors & Hackers: Writing the History of the Internet",https://rrchnm.org/essays/wizards-bureaucrats-warriors-hackers-writing-the-history-of-the-internet/,https://web.archive.org/web/20220528102738/https://rrchnm.org/essay/wizards-bureaucrats-warriors-hackers-writing-the-history-of-the-internet/#_edn24,working
"Wizards, Bureaucrats, Warriors & Hackers: Writing the History of the Internet",https://rrchnm.org/essays/wizards-bureaucrats-warriors-hackers-writing-the-history-of-the-internet/,https://web.archive.org/web/20220528102738/https://rrchnm.org/essay/wizards-bureaucrats-warriors-hackers-writing-the-history-of-the-internet/#_edn25,working
"Wizards, Bureaucrats, Warriors & Hackers: Writing the History of the Internet",https://rrchnm.org/essays/wizards-bureaucrats-warriors-hackers-writing-the-history-of-the-internet/,https://web.archive.org/web/20220528102738/https://rrchnm.org/essay/wizards-bureaucrats-warriors-hackers-writing-the-history-of-the-internet/#_edn26,working
"Wizards, Bureaucrats, Warriors & Hackers: Writing the History of the Internet",https://rrchnm.org/essays/wizards-bureaucrats-warriors-hackers-writing-the-history-of-the-internet/,https://web.archive.org/web/20220528102738/https://rrchnm.org/essay/wizards-bureaucrats-warriors-hackers-writing-the-history-of-the-internet/#_edn27,working
"Wizards, Bureaucrats, Warriors & Hackers: Writing the History of the Internet",https://rrchnm.org/essays/wizards-bureaucrats-warriors-hackers-writing-the-history-of-the-internet/,https://web.archive.org/web/20220528102738/https://rrchnm.org/essay/wizards-bureaucrats-warriors-hackers-writing-the-history-of-the-internet/#_edn28,working
"Wizards, Bureaucrats, Warriors & Hackers: Writing the History of the Internet",https://rrchnm.org/essays/wizards-bureaucrats-warriors-hackers-writing-the-history-of-the-internet/,https://web.archive.org/web/20220528102738/https://rrchnm.org/essay/wizards-bureaucrats-warriors-hackers-writing-the-history-of-the-internet/#_edn29,working
"Wizards, Bureaucrats, Warriors & Hackers: Writing the History of the Internet",https://rrchnm.org/essays/wizards-bureaucrats-warriors-hackers-writing-the-history-of-the-internet/,https://web.archive.org/web/20220528102738/https://rrchnm.org/essay/wizards-bureaucrats-warriors-hackers-writing-the-history-of-the-internet/#_edn30,working
"Wizards, Bureaucrats, Warriors & Hackers: Writing the History of the Internet",https://rrchnm.org/essays/wizards-bureaucrats-warriors-hackers-writing-the-history-of-the-internet/,https://web.archive.org/web/20220528102738/https://rrchnm.org/essay/wizards-bureaucrats-warriors-hackers-writing-the-history-of-the-internet/#_edn31,working
"Wizards, Bureaucrats, Warriors & Hackers: Writing the History of the Internet",https://rrchnm.org/essays/wizards-bureaucrats-warriors-hackers-writing-the-history-of-the-internet/,https://web.archive.org/web/20220528102738/https://rrchnm.org/essay/wizards-bureaucrats-warriors-hackers-writing-the-history-of-the-internet/#_edn32,working
"Wizards, Bureaucrats, Warriors & Hackers: Writing the History of the Internet",https://rrchnm.org/essays/wizards-bureaucrats-warriors-hackers-writing-the-history-of-the-internet/,https://web.archive.org/web/20220528102738/https://rrchnm.org/essay/wizards-bureaucrats-warriors-hackers-writing-the-history-of-the-internet/#_edn33,working
"Wizards, Bureaucrats, Warriors & Hackers: Writing the History of the Internet",https://rrchnm.org/essays/wizards-bureaucrats-warriors-hackers-writing-the-history-of-the-internet/,https://web.archive.org/web/20220528102738/https://rrchnm.org/essay/wizards-bureaucrats-warriors-hackers-writing-the-history-of-the-internet/#_edn34,working
"Wizards, Bureaucrats, Warriors & Hackers: Writing the History of the Internet",https://rrchnm.org/essays/wizards-bureaucrats-warriors-hackers-writing-the-history-of-the-internet/,https://web.archive.org/web/20220528102738/https://rrchnm.org/essay/wizards-bureaucrats-warriors-hackers-writing-the-history-of-the-internet/#_edn35,working
"Wizards, Bureaucrats, Warriors & Hackers: Writing the History of the Internet",https://rrchnm.org/essays/wizards-bureaucrats-warriors-hackers-writing-the-history-of-the-internet/,https://web.archive.org/web/20220528102738/https://rrchnm.org/essay/wizards-bureaucrats-warriors-hackers-writing-the-history-of-the-internet/#_edn36,working
"Wizards, Bureaucrats, Warriors & Hackers: Writing the History of the Internet",https://rrchnm.org/essays/wizards-bureaucrats-warriors-hackers-writing-the-history-of-the-internet/,https://web.archive.org/web/20220528102738/https://rrchnm.org/essay/wizards-bureaucrats-warriors-hackers-writing-the-history-of-the-internet/#_edn37,working
"Wizards, Bureaucrats, Warriors & Hackers: Writing the History of the Internet",https://rrchnm.org/essays/wizards-bureaucrats-warriors-hackers-writing-the-history-of-the-internet/,https://web.archive.org/web/20220528102738/https://rrchnm.org/essay/wizards-bureaucrats-warriors-hackers-writing-the-history-of-the-internet/#_edn38,working
"Wizards, Bureaucrats, Warriors & Hackers: Writing the History of the Internet",https://rrchnm.org/essays/wizards-bureaucrats-warriors-hackers-writing-the-history-of-the-internet/,https://web.archive.org/web/20220528102738/https://rrchnm.org/essay/wizards-bureaucrats-warriors-hackers-writing-the-history-of-the-internet/#_edn39,working
"Wizards, Bureaucrats, Warriors & Hackers: Writing the History of the Internet",https://rrchnm.org/essays/wizards-bureaucrats-warriors-hackers-writing-the-history-of-the-internet/,https://web.archive.org/web/20220528102738/https://rrchnm.org/essay/wizards-bureaucrats-warriors-hackers-writing-the-history-of-the-internet/#_edn40,working
"Wizards, Bureaucrats, Warriors & Hackers: Writing the History of the Internet",https://rrchnm.org/essays/wizards-bureaucrats-warriors-hackers-writing-the-history-of-the-internet/,https://web.archive.org/web/20220528102738/https://rrchnm.org/essay/wizards-bureaucrats-warriors-hackers-writing-the-history-of-the-internet/#_edn41,working
"Wizards, Bureaucrats, Warriors & Hackers: Writing the History of the Internet",https://rrchnm.org/essays/wizards-bureaucrats-warriors-hackers-writing-the-history-of-the-internet/,https://web.archive.org/web/20220528102738/https://rrchnm.org/essay/wizards-bureaucrats-warriors-hackers-writing-the-history-of-the-internet/#_edn42,working
"Wizards, Bureaucrats, Warriors & Hackers: Writing the History of the Internet",https://rrchnm.org/essays/wizards-bureaucrats-warriors-hackers-writing-the-history-of-the-internet/,https://web.archive.org/web/20220528102738/https://rrchnm.org/essay/wizards-bureaucrats-warriors-hackers-writing-the-history-of-the-internet/#_edn43,working
"Wizards, Bureaucrats, Warriors & Hackers: Writing the History of the Internet",https://rrchnm.org/essays/wizards-bureaucrats-warriors-hackers-writing-the-history-of-the-internet/,https://web.archive.org/web/20220528102738/https://rrchnm.org/essay/wizards-bureaucrats-warriors-hackers-writing-the-history-of-the-internet/#_edn44,working
"Wizards, Bureaucrats, Warriors & Hackers: Writing the History of the Internet",https://rrchnm.org/essays/wizards-bureaucrats-warriors-hackers-writing-the-history-of-the-internet/,https://web.archive.org/web/20220528102738/https://rrchnm.org/essay/wizards-bureaucrats-warriors-hackers-writing-the-history-of-the-internet/#_edn45,working
"Wizards, Bureaucrats, Warriors & Hackers: Writing the History of the Internet",https://rrchnm.org/essays/wizards-bureaucrats-warriors-hackers-writing-the-history-of-the-internet/,https://web.archive.org/web/20220528102738/https://rrchnm.org/essay/wizards-bureaucrats-warriors-hackers-writing-the-history-of-the-internet/#_edn46,working
"Wizards, Bureaucrats, Warriors & Hackers: Writing the History of the Internet",https://rrchnm.org/essays/wizards-bureaucrats-warriors-hackers-writing-the-history-of-the-internet/,https://web.archive.org/web/20220528102738/https://rrchnm.org/essay/wizards-bureaucrats-warriors-hackers-writing-the-history-of-the-internet/#_edn47,working
"Wizards, Bureaucrats, Warriors & Hackers: Writing the History of the Internet",https://rrchnm.org/essays/wizards-bureaucrats-warriors-hackers-writing-the-history-of-the-internet/,https://web.archive.org/web/20220528102738/https://rrchnm.org/essay/wizards-bureaucrats-warriors-hackers-writing-the-history-of-the-internet/#_edn48,working
"Wizards, Bureaucrats, Warriors & Hackers: Writing the History of the Internet",https://rrchnm.org/essays/wizards-bureaucrats-warriors-hackers-writing-the-history-of-the-internet/,https://web.archive.org/web/20220528102738/https://rrchnm.org/essay/wizards-bureaucrats-warriors-hackers-writing-the-history-of-the-internet/#_edn49,working
"Wizards, Bureaucrats, Warriors & Hackers: Writing the History of the Internet",https://rrchnm.org/essays/wizards-bureaucrats-warriors-hackers-writing-the-history-of-the-internet/,https://web.archive.org/web/20220528102738/https://rrchnm.org/essay/wizards-bureaucrats-warriors-hackers-writing-the-history-of-the-internet/#_edn50,working
"Wizards, Bureaucrats, Warriors & Hackers: Writing the History of the Internet",https://rrchnm.org/essays/wizards-bureaucrats-warriors-hackers-writing-the-history-of-the-internet/,https://web.archive.org/web/20220528102738/https://rrchnm.org/essay/wizards-bureaucrats-warriors-hackers-writing-the-history-of-the-internet/#_edn51,working
"Wizards, Bureaucrats, Warriors & Hackers: Writing the History of the Internet",https://rrchnm.org/essays/wizards-bureaucrats-warriors-hackers-writing-the-history-of-the-internet/,https://web.archive.org/web/20220528102738/https://rrchnm.org/essay/wizards-bureaucrats-warriors-hackers-writing-the-history-of-the-internet/#_edn52,working
"Wizards, Bureaucrats, Warriors & Hackers: Writing the History of the Internet",https://rrchnm.org/essays/wizards-bureaucrats-warriors-hackers-writing-the-history-of-the-internet/,https://web.archive.org/web/20220528102738/https://rrchnm.org/essay/wizards-bureaucrats-warriors-hackers-writing-the-history-of-the-internet/#_edn53,working
"Wizards, Bureaucrats, Warriors & Hackers: Writing the History of the Internet",https://rrchnm.org/essays/wizards-bureaucrats-warriors-hackers-writing-the-history-of-the-internet/,https://web.archive.org/web/20220528102738/https://rrchnm.org/essay/wizards-bureaucrats-warriors-hackers-writing-the-history-of-the-internet/#_edn54,working
"Wizards, Bureaucrats, Warriors & Hackers: Writing the History of the Internet",https://rrchnm.org/essays/wizards-bureaucrats-warriors-hackers-writing-the-history-of-the-internet/,https://web.archive.org/web/20220528102738/https://rrchnm.org/essay/wizards-bureaucrats-warriors-hackers-writing-the-history-of-the-internet/#_edn55,working
"Wizards, Bureaucrats, Warriors & Hackers: Writing the History of the Internet",https://rrchnm.org/essays/wizards-bureaucrats-warriors-hackers-writing-the-history-of-the-internet/,https://web.archive.org/web/20220528102738/https://rrchnm.org/essay/wizards-bureaucrats-warriors-hackers-writing-the-history-of-the-internet/#_edn56,working
"Wizards, Bureaucrats, Warriors & Hackers: Writing the History of the Internet",https://rrchnm.org/essays/wizards-bureaucrats-warriors-hackers-writing-the-history-of-the-internet/,https://web.archive.org/web/20220528102738/https://rrchnm.org/essay/wizards-bureaucrats-warriors-hackers-writing-the-history-of-the-internet/#_edn57,working
"Wizards, Bureaucrats, Warriors & Hackers: Writing the History of the Internet",https://rrchnm.org/essays/wizards-bureaucrats-warriors-hackers-writing-the-history-of-the-internet/,https://web.archive.org/web/20220528102738/https://rrchnm.org/essay/wizards-bureaucrats-warriors-hackers-writing-the-history-of-the-internet/#_edn58,working
"Wizards, Bureaucrats, Warriors & Hackers: Writing the History of the Internet",https://rrchnm.org/essays/wizards-bureaucrats-warriors-hackers-writing-the-history-of-the-internet/,https://web.archive.org/web/20220528102738/https://rrchnm.org/essay/wizards-bureaucrats-warriors-hackers-writing-the-history-of-the-internet/#_edn59,working
"Wizards, Bureaucrats, Warriors & Hackers: Writing the History of the Internet",https://rrchnm.org/essays/wizards-bureaucrats-warriors-hackers-writing-the-history-of-the-internet/,https://web.archive.org/web/20220528102738/https://rrchnm.org/essay/wizards-bureaucrats-warriors-hackers-writing-the-history-of-the-internet/#_edn60,working
"Wizards, Bureaucrats, Warriors & Hackers: Writing the History of the Internet",https://rrchnm.org/essays/wizards-bureaucrats-warriors-hackers-writing-the-history-of-the-internet/,https://web.archive.org/web/20220528102738/https://rrchnm.org/essay/wizards-bureaucrats-warriors-hackers-writing-the-history-of-the-internet/#_edn61,working
"Wizards, Bureaucrats, Warriors & Hackers: Writing the History of the Internet",https://rrchnm.org/essays/wizards-bureaucrats-warriors-hackers-writing-the-history-of-the-internet/,https://web.archive.org/web/20220528102738/https://rrchnm.org/essay/wizards-bureaucrats-warriors-hackers-writing-the-history-of-the-internet/#_edn62,working
"Wizards, Bureaucrats, Warriors & Hackers: Writing the History of the Internet",https://rrchnm.org/essays/wizards-bureaucrats-warriors-hackers-writing-the-history-of-the-internet/,https://web.archive.org/web/20220528102738/https://rrchnm.org/essay/wizards-bureaucrats-warriors-hackers-writing-the-history-of-the-internet/#_edn63,working
"Wizards, Bureaucrats, Warriors & Hackers: Writing the History of the Internet",https://rrchnm.org/essays/wizards-bureaucrats-warriors-hackers-writing-the-history-of-the-internet/,https://web.archive.org/web/20220528102738/https://rrchnm.org/essay/wizards-bureaucrats-warriors-hackers-writing-the-history-of-the-internet/#_edn64,working
"Wizards, Bureaucrats, Warriors & Hackers: Writing the History of the Internet",https://rrchnm.org/essays/wizards-bureaucrats-warriors-hackers-writing-the-history-of-the-internet/,https://web.archive.org/web/20220528102738/https://rrchnm.org/essay/wizards-bureaucrats-warriors-hackers-writing-the-history-of-the-internet/#_edn65,working
"Wizards, Bureaucrats, Warriors & Hackers: Writing the History of the Internet",https://rrchnm.org/essays/wizards-bureaucrats-warriors-hackers-writing-the-history-of-the-internet/,https://web.archive.org/web/20220528102738/https://rrchnm.org/essay/wizards-bureaucrats-warriors-hackers-writing-the-history-of-the-internet/#_edn66,working
"Wizards, Bureaucrats, Warriors & Hackers: Writing the History of the Internet",https://rrchnm.org/essays/wizards-bureaucrats-warriors-hackers-writing-the-history-of-the-internet/,https://web.archive.org/web/20220528102738/https://rrchnm.org/essay/wizards-bureaucrats-warriors-hackers-writing-the-history-of-the-internet/#_edn67,working
"Wizards, Bureaucrats, Warriors & Hackers: Writing the History of the Internet",https://rrchnm.org/essays/wizards-bureaucrats-warriors-hackers-writing-the-history-of-the-internet/,https://web.archive.org/web/20220528102738/https://rrchnm.org/essay/wizards-bureaucrats-warriors-hackers-writing-the-history-of-the-internet/#_edn68,working
"Wizards, Bureaucrats, Warriors & Hackers: Writing the History of the Internet",https://rrchnm.org/essays/wizards-bureaucrats-warriors-hackers-writing-the-history-of-the-internet/,https://web.archive.org/web/20220528102738/https://rrchnm.org/essay/wizards-bureaucrats-warriors-hackers-writing-the-history-of-the-internet/#_edn69,working
"Wizards, Bureaucrats, Warriors & Hackers: Writing the History of the Internet",https://rrchnm.org/essays/wizards-bureaucrats-warriors-hackers-writing-the-history-of-the-internet/,https://web.archive.org/web/20220528102738/https://rrchnm.org/essay/wizards-bureaucrats-warriors-hackers-writing-the-history-of-the-internet/#_edn70,working
"Wizards, Bureaucrats, Warriors & Hackers: Writing the History of the Internet",https://rrchnm.org/essays/wizards-bureaucrats-warriors-hackers-writing-the-history-of-the-internet/,https://web.archive.org/web/20220528102738/https://rrchnm.org/essay/wizards-bureaucrats-warriors-hackers-writing-the-history-of-the-internet/#_edn71,working
"Wizards, Bureaucrats, Warriors & Hackers: Writing the History of the Internet",https://rrchnm.org/essays/wizards-bureaucrats-warriors-hackers-writing-the-history-of-the-internet/,https://web.archive.org/web/20220528102738/https://rrchnm.org/essay/wizards-bureaucrats-warriors-hackers-writing-the-history-of-the-internet/#_edn72,working
"Wizards, Bureaucrats, Warriors & Hackers: Writing the History of the Internet",https://rrchnm.org/essays/wizards-bureaucrats-warriors-hackers-writing-the-history-of-the-internet/,https://web.archive.org/web/20220528102738/https://rrchnm.org/essay/wizards-bureaucrats-warriors-hackers-writing-the-history-of-the-internet/#_edn73,working
"Wizards, Bureaucrats, Warriors & Hackers: Writing the History of the Internet",https://rrchnm.org/essays/wizards-bureaucrats-warriors-hackers-writing-the-history-of-the-internet/,https://web.archive.org/web/20220528102738/https://rrchnm.org/essay/wizards-bureaucrats-warriors-hackers-writing-the-history-of-the-internet/#_edn74,working
"Wizards, Bureaucrats, Warriors & Hackers: Writing the History of the Internet",https://rrchnm.org/essays/wizards-bureaucrats-warriors-hackers-writing-the-history-of-the-internet/,https://web.archive.org/web/20220528102738/https://rrchnm.org/essay/wizards-bureaucrats-warriors-hackers-writing-the-history-of-the-internet/#_ednref1,working
"Wizards, Bureaucrats, Warriors & Hackers: Writing the History of the Internet",https://rrchnm.org/essays/wizards-bureaucrats-warriors-hackers-writing-the-history-of-the-internet/,https://web.archive.org/web/20220528102738/http://dlis.gseis.ucla.edu/people/pagre/tls.html,working
"Wizards, Bureaucrats, Warriors & Hackers: Writing the History of the Internet",https://rrchnm.org/essays/wizards-bureaucrats-warriors-hackers-writing-the-history-of-the-internet/,https://web.archive.org/web/20220528102738/https://rrchnm.org/essay/wizards-bureaucrats-warriors-hackers-writing-the-history-of-the-internet/#_ednref2,working
"Wizards, Bureaucrats, Warriors & Hackers: Writing the History of the Internet",https://rrchnm.org/essays/wizards-bureaucrats-warriors-hackers-writing-the-history-of-the-internet/,https://web.archive.org/web/20220528102738/https://rrchnm.org/essay/wizards-bureaucrats-warriors-hackers-writing-the-history-of-the-internet/#_ednref3,working
"Wizards, Bureaucrats, Warriors & Hackers: Writing the History of the Internet",https://rrchnm.org/essays/wizards-bureaucrats-warriors-hackers-writing-the-history-of-the-internet/,https://web.archive.org/web/20220528102738/https://rrchnm.org/essay/wizards-bureaucrats-warriors-hackers-writing-the-history-of-the-internet/#_ednref4,working
"Wizards, Bureaucrats, Warriors & Hackers: Writing the History of the Internet",https://rrchnm.org/essays/wizards-bureaucrats-warriors-hackers-writing-the-history-of-the-internet/,https://web.archive.org/web/20220528102738/https://rrchnm.org/essay/wizards-bureaucrats-warriors-hackers-writing-the-history-of-the-internet/#_ednref5,working
"Wizards, Bureaucrats, Warriors & Hackers: Writing the History of the Internet",https://rrchnm.org/essays/wizards-bureaucrats-warriors-hackers-writing-the-history-of-the-internet/,https://web.archive.org/web/20220528102738/https://rrchnm.org/essay/wizards-bureaucrats-warriors-hackers-writing-the-history-of-the-internet/#_ednref6,working
"Wizards, Bureaucrats, Warriors & Hackers: Writing the History of the Internet",https://rrchnm.org/essays/wizards-bureaucrats-warriors-hackers-writing-the-history-of-the-internet/,https://web.archive.org/web/20220528102738/https://rrchnm.org/essay/wizards-bureaucrats-warriors-hackers-writing-the-history-of-the-internet/#_ednref7,working
"Wizards, Bureaucrats, Warriors & Hackers: Writing the History of the Internet",https://rrchnm.org/essays/wizards-bureaucrats-warriors-hackers-writing-the-history-of-the-internet/,https://web.archive.org/web/20220528102738/http://www.forthnet.gr/forthnet/isoc/short.history.of.internet,working
"Wizards, Bureaucrats, Warriors & Hackers: Writing the History of the Internet",https://rrchnm.org/essays/wizards-bureaucrats-warriors-hackers-writing-the-history-of-the-internet/,https://web.archive.org/web/20220528102738/https://rrchnm.org/essay/wizards-bureaucrats-warriors-hackers-writing-the-history-of-the-internet/#_ednref8,working
"Wizards, Bureaucrats, Warriors & Hackers: Writing the History of the Internet",https://rrchnm.org/essays/wizards-bureaucrats-warriors-hackers-writing-the-history-of-the-internet/,https://web.archive.org/web/20220528102738/https://rrchnm.org/essay/wizards-bureaucrats-warriors-hackers-writing-the-history-of-the-internet/#_ednref9,working
"Wizards, Bureaucrats, Warriors & Hackers: Writing the History of the Internet",https://rrchnm.org/essays/wizards-bureaucrats-warriors-hackers-writing-the-history-of-the-internet/,https://web.archive.org/web/20220528102738/https://rrchnm.org/essay/wizards-bureaucrats-warriors-hackers-writing-the-history-of-the-internet/#_ednref10,working
"Wizards, Bureaucrats, Warriors & Hackers: Writing the History of the Internet",https://rrchnm.org/essays/wizards-bureaucrats-warriors-hackers-writing-the-history-of-the-internet/,https://web.archive.org/web/20220528102738/https://rrchnm.org/essay/wizards-bureaucrats-warriors-hackers-writing-the-history-of-the-internet/#_ednref11,working
"Wizards, Bureaucrats, Warriors & Hackers: Writing the History of the Internet",https://rrchnm.org/essays/wizards-bureaucrats-warriors-hackers-writing-the-history-of-the-internet/,https://web.archive.org/web/20220528102738/https://rrchnm.org/essay/wizards-bureaucrats-warriors-hackers-writing-the-history-of-the-internet/#_ednref12,working
"Wizards, Bureaucrats, Warriors & Hackers: Writing the History of the Internet",https://rrchnm.org/essays/wizards-bureaucrats-warriors-hackers-writing-the-history-of-the-internet/,https://web.archive.org/web/20220528102738/https://rrchnm.org/essay/wizards-bureaucrats-warriors-hackers-writing-the-history-of-the-internet/#_ednref13,working
"Wizards, Bureaucrats, Warriors & Hackers: Writing the History of the Internet",https://rrchnm.org/essays/wizards-bureaucrats-warriors-hackers-writing-the-history-of-the-internet/,https://web.archive.org/web/20220528102738/https://rrchnm.org/essay/wizards-bureaucrats-warriors-hackers-writing-the-history-of-the-internet/#_ednref14,working
"Wizards, Bureaucrats, Warriors & Hackers: Writing the History of the Internet",https://rrchnm.org/essays/wizards-bureaucrats-warriors-hackers-writing-the-history-of-the-internet/,https://web.archive.org/web/20220528102738/https://rrchnm.org/essay/wizards-bureaucrats-warriors-hackers-writing-the-history-of-the-internet/#_ednref15,working
"Wizards, Bureaucrats, Warriors & Hackers: Writing the History of the Internet",https://rrchnm.org/essays/wizards-bureaucrats-warriors-hackers-writing-the-history-of-the-internet/,https://web.archive.org/web/20220528102738/https://rrchnm.org/essay/wizards-bureaucrats-warriors-hackers-writing-the-history-of-the-internet/#_ednref16,working
"Wizards, Bureaucrats, Warriors & Hackers: Writing the History of the Internet",https://rrchnm.org/essays/wizards-bureaucrats-warriors-hackers-writing-the-history-of-the-internet/,https://web.archive.org/web/20220528102738/https://rrchnm.org/essay/wizards-bureaucrats-warriors-hackers-writing-the-history-of-the-internet/#_ednref17,working
"Wizards, Bureaucrats, Warriors & Hackers: Writing the History of the Internet",https://rrchnm.org/essays/wizards-bureaucrats-warriors-hackers-writing-the-history-of-the-internet/,https://web.archive.org/web/20220528102738/https://rrchnm.org/essay/wizards-bureaucrats-warriors-hackers-writing-the-history-of-the-internet/#_ednref18,working
"Wizards, Bureaucrats, Warriors & Hackers: Writing the History of the Internet",https://rrchnm.org/essays/wizards-bureaucrats-warriors-hackers-writing-the-history-of-the-internet/,https://web.archive.org/web/20220528102738/https://rrchnm.org/essay/wizards-bureaucrats-warriors-hackers-writing-the-history-of-the-internet/#_ednref19,working
"Wizards, Bureaucrats, Warriors & Hackers: Writing the History of the Internet",https://rrchnm.org/essays/wizards-bureaucrats-warriors-hackers-writing-the-history-of-the-internet/,https://web.archive.org/web/20220528102738/https://rrchnm.org/essay/wizards-bureaucrats-warriors-hackers-writing-the-history-of-the-internet/#_ednref20,working
"Wizards, Bureaucrats, Warriors & Hackers: Writing the History of the Internet",https://rrchnm.org/essays/wizards-bureaucrats-warriors-hackers-writing-the-history-of-the-internet/,https://web.archive.org/web/20220528102738/https://rrchnm.org/essay/wizards-bureaucrats-warriors-hackers-writing-the-history-of-the-internet/#_ednref21,working
"Wizards, Bureaucrats, Warriors & Hackers: Writing the History of the Internet",https://rrchnm.org/essays/wizards-bureaucrats-warriors-hackers-writing-the-history-of-the-internet/,https://web.archive.org/web/20220528102738/https://rrchnm.org/essay/wizards-bureaucrats-warriors-hackers-writing-the-history-of-the-internet/#_ednre22,working
"Wizards, Bureaucrats, Warriors & Hackers: Writing the History of the Internet",https://rrchnm.org/essays/wizards-bureaucrats-warriors-hackers-writing-the-history-of-the-internet/,https://web.archive.org/web/20220528102738/https://rrchnm.org/essay/wizards-bureaucrats-warriors-hackers-writing-the-history-of-the-internet/#_ednref23,working
"Wizards, Bureaucrats, Warriors & Hackers: Writing the History of the Internet",https://rrchnm.org/essays/wizards-bureaucrats-warriors-hackers-writing-the-history-of-the-internet/,https://web.archive.org/web/20220528102738/https://rrchnm.org/essay/wizards-bureaucrats-warriors-hackers-writing-the-history-of-the-internet/#_ednref24,working
"Wizards, Bureaucrats, Warriors & Hackers: Writing the History of the Internet",https://rrchnm.org/essays/wizards-bureaucrats-warriors-hackers-writing-the-history-of-the-internet/,https://web.archive.org/web/20220528102738/https://rrchnm.org/essay/wizards-bureaucrats-warriors-hackers-writing-the-history-of-the-internet/#_ednref25,working
"Wizards, Bureaucrats, Warriors & Hackers: Writing the History of the Internet",https://rrchnm.org/essays/wizards-bureaucrats-warriors-hackers-writing-the-history-of-the-internet/,https://web.archive.org/web/20220528102738/https://rrchnm.org/essay/wizards-bureaucrats-warriors-hackers-writing-the-history-of-the-internet/#_ednref26,working
"Wizards, Bureaucrats, Warriors & Hackers: Writing the History of the Internet",https://rrchnm.org/essays/wizards-bureaucrats-warriors-hackers-writing-the-history-of-the-internet/,https://web.archive.org/web/20220528102738/https://rrchnm.org/essay/wizards-bureaucrats-warriors-hackers-writing-the-history-of-the-internet/#_ednref27,working
"Wizards, Bureaucrats, Warriors & Hackers: Writing the History of the Internet",https://rrchnm.org/essays/wizards-bureaucrats-warriors-hackers-writing-the-history-of-the-internet/,https://web.archive.org/web/20220528102738/https://rrchnm.org/essay/wizards-bureaucrats-warriors-hackers-writing-the-history-of-the-internet/#_ednref28,working
"Wizards, Bureaucrats, Warriors & Hackers: Writing the History of the Internet",https://rrchnm.org/essays/wizards-bureaucrats-warriors-hackers-writing-the-history-of-the-internet/,https://web.archive.org/web/20220528102738/https://rrchnm.org/essay/wizards-bureaucrats-warriors-hackers-writing-the-history-of-the-internet/#_ednref29,working
"Wizards, Bureaucrats, Warriors & Hackers: Writing the History of the Internet",https://rrchnm.org/essays/wizards-bureaucrats-warriors-hackers-writing-the-history-of-the-internet/,https://web.archive.org/web/20220528102738/https://rrchnm.org/essay/wizards-bureaucrats-warriors-hackers-writing-the-history-of-the-internet/#_ednref30,working
"Wizards, Bureaucrats, Warriors & Hackers: Writing the History of the Internet",https://rrchnm.org/essays/wizards-bureaucrats-warriors-hackers-writing-the-history-of-the-internet/,https://web.archive.org/web/20220528102738/https://rrchnm.org/essay/wizards-bureaucrats-warriors-hackers-writing-the-history-of-the-internet/#_ednref31,working
"Wizards, Bureaucrats, Warriors & Hackers: Writing the History of the Internet",https://rrchnm.org/essays/wizards-bureaucrats-warriors-hackers-writing-the-history-of-the-internet/,https://web.archive.org/web/20220528102738/https://rrchnm.org/essay/wizards-bureaucrats-warriors-hackers-writing-the-history-of-the-internet/#_ednref32,working
"Wizards, Bureaucrats, Warriors & Hackers: Writing the History of the Internet",https://rrchnm.org/essays/wizards-bureaucrats-warriors-hackers-writing-the-history-of-the-internet/,https://web.archive.org/web/20220528102738/https://rrchnm.org/essay/wizards-bureaucrats-warriors-hackers-writing-the-history-of-the-internet/#_ednref33,working
"Wizards, Bureaucrats, Warriors & Hackers: Writing the History of the Internet",https://rrchnm.org/essays/wizards-bureaucrats-warriors-hackers-writing-the-history-of-the-internet/,https://web.archive.org/web/20220528102738/https://rrchnm.org/essay/wizards-bureaucrats-warriors-hackers-writing-the-history-of-the-internet/#_ednref34,working
"Wizards, Bureaucrats, Warriors & Hackers: Writing the History of the Internet",https://rrchnm.org/essays/wizards-bureaucrats-warriors-hackers-writing-the-history-of-the-internet/,https://web.archive.org/web/20220528102738/https://rrchnm.org/essay/wizards-bureaucrats-warriors-hackers-writing-the-history-of-the-internet/#_ednref35,working
"Wizards, Bureaucrats, Warriors & Hackers: Writing the History of the Internet",https://rrchnm.org/essays/wizards-bureaucrats-warriors-hackers-writing-the-history-of-the-internet/,https://web.archive.org/web/20220528102738/https://rrchnm.org/essay/wizards-bureaucrats-warriors-hackers-writing-the-history-of-the-internet/#_ednref36,working
"Wizards, Bureaucrats, Warriors & Hackers: Writing the History of the Internet",https://rrchnm.org/essays/wizards-bureaucrats-warriors-hackers-writing-the-history-of-the-internet/,https://web.archive.org/web/20220528102738/https://rrchnm.org/essay/wizards-bureaucrats-warriors-hackers-writing-the-history-of-the-internet/#_ednref37,working
"Wizards, Bureaucrats, Warriors & Hackers: Writing the History of the Internet",https://rrchnm.org/essays/wizards-bureaucrats-warriors-hackers-writing-the-history-of-the-internet/,https://web.archive.org/web/20220528102738/https://rrchnm.org/essay/wizards-bureaucrats-warriors-hackers-writing-the-history-of-the-internet/#_ednref38,working
"Wizards, Bureaucrats, Warriors & Hackers: Writing the History of the Internet",https://rrchnm.org/essays/wizards-bureaucrats-warriors-hackers-writing-the-history-of-the-internet/,https://web.archive.org/web/20220528102738/https://rrchnm.org/essay/wizards-bureaucrats-warriors-hackers-writing-the-history-of-the-internet/#_ednref39,working
"Wizards, Bureaucrats, Warriors & Hackers: Writing the History of the Internet",https://rrchnm.org/essays/wizards-bureaucrats-warriors-hackers-writing-the-history-of-the-internet/,https://web.archive.org/web/20220528102738/https://rrchnm.org/essay/wizards-bureaucrats-warriors-hackers-writing-the-history-of-the-internet/#_ednref40,working
"Wizards, Bureaucrats, Warriors & Hackers: Writing the History of the Internet",https://rrchnm.org/essays/wizards-bureaucrats-warriors-hackers-writing-the-history-of-the-internet/,https://web.archive.org/web/20220528102738/https://rrchnm.org/essay/wizards-bureaucrats-warriors-hackers-writing-the-history-of-the-internet/#_ednref41,working
"Wizards, Bureaucrats, Warriors & Hackers: Writing the History of the Internet",https://rrchnm.org/essays/wizards-bureaucrats-warriors-hackers-writing-the-history-of-the-internet/,https://web.archive.org/web/20220528102738/https://rrchnm.org/essay/wizards-bureaucrats-warriors-hackers-writing-the-history-of-the-internet/#_ednref42,working
"Wizards, Bureaucrats, Warriors & Hackers: Writing the History of the Internet",https://rrchnm.org/essays/wizards-bureaucrats-warriors-hackers-writing-the-history-of-the-internet/,https://web.archive.org/web/20220528102738/https://rrchnm.org/essay/wizards-bureaucrats-warriors-hackers-writing-the-history-of-the-internet/#_ednref43,working
"Wizards, Bureaucrats, Warriors & Hackers: Writing the History of the Internet",https://rrchnm.org/essays/wizards-bureaucrats-warriors-hackers-writing-the-history-of-the-internet/,https://web.archive.org/web/20220528102738/https://rrchnm.org/essay/wizards-bureaucrats-warriors-hackers-writing-the-history-of-the-internet/#_ednref44,working
"Wizards, Bureaucrats, Warriors & Hackers: Writing the History of the Internet",https://rrchnm.org/essays/wizards-bureaucrats-warriors-hackers-writing-the-history-of-the-internet/,https://web.archive.org/web/20220528102738/https://rrchnm.org/essay/wizards-bureaucrats-warriors-hackers-writing-the-history-of-the-internet/#_ednref45,working
"Wizards, Bureaucrats, Warriors & Hackers: Writing the History of the Internet",https://rrchnm.org/essays/wizards-bureaucrats-warriors-hackers-writing-the-history-of-the-internet/,https://web.archive.org/web/20220528102738/https://rrchnm.org/essay/wizards-bureaucrats-warriors-hackers-writing-the-history-of-the-internet/#_ednref46,working
"Wizards, Bureaucrats, Warriors & Hackers: Writing the History of the Internet",https://rrchnm.org/essays/wizards-bureaucrats-warriors-hackers-writing-the-history-of-the-internet/,https://web.archive.org/web/20220528102738/https://rrchnm.org/essay/wizards-bureaucrats-warriors-hackers-writing-the-history-of-the-internet/#_ednref47,working
"Wizards, Bureaucrats, Warriors & Hackers: Writing the History of the Internet",https://rrchnm.org/essays/wizards-bureaucrats-warriors-hackers-writing-the-history-of-the-internet/,https://web.archive.org/web/20220528102738/https://rrchnm.org/essay/wizards-bureaucrats-warriors-hackers-writing-the-history-of-the-internet/#_ednref48,working
"Wizards, Bureaucrats, Warriors & Hackers: Writing the History of the Internet",https://rrchnm.org/essays/wizards-bureaucrats-warriors-hackers-writing-the-history-of-the-internet/,https://web.archive.org/web/20220528102738/https://rrchnm.org/essay/wizards-bureaucrats-warriors-hackers-writing-the-history-of-the-internet/#_ednref49,working
"Wizards, Bureaucrats, Warriors & Hackers: Writing the History of the Internet",https://rrchnm.org/essays/wizards-bureaucrats-warriors-hackers-writing-the-history-of-the-internet/,https://web.archive.org/web/20220528102738/https://rrchnm.org/essay/wizards-bureaucrats-warriors-hackers-writing-the-history-of-the-internet/#_ednref50,working
"Wizards, Bureaucrats, Warriors & Hackers: Writing the History of the Internet",https://rrchnm.org/essays/wizards-bureaucrats-warriors-hackers-writing-the-history-of-the-internet/,https://web.archive.org/web/20220528102738/http://www.isi.edu/in-notes/rfc1000.txt,status code: 403
"Wizards, Bureaucrats, Warriors & Hackers: Writing the History of the Internet",https://rrchnm.org/essays/wizards-bureaucrats-warriors-hackers-writing-the-history-of-the-internet/,https://web.archive.org/web/20220528102738/http://www.isi.edu/rfc-editor/,working
"Wizards, Bureaucrats, Warriors & Hackers: Writing the History of the Internet",https://rrchnm.org/essays/wizards-bureaucrats-warriors-hackers-writing-the-history-of-the-internet/,https://web.archive.org/web/20220528102738/https://rrchnm.org/essay/wizards-bureaucrats-warriors-hackers-writing-the-history-of-the-internet/#_ednref50,working
"Wizards, Bureaucrats, Warriors & Hackers: Writing the History of the Internet",https://rrchnm.org/essays/wizards-bureaucrats-warriors-hackers-writing-the-history-of-the-internet/,https://web.archive.org/web/20220528102738/https://rrchnm.org/essay/wizards-bureaucrats-warriors-hackers-writing-the-history-of-the-internet/#_ednref51,working
"Wizards, Bureaucrats, Warriors & Hackers: Writing the History of the Internet",https://rrchnm.org/essays/wizards-bureaucrats-warriors-hackers-writing-the-history-of-the-internet/,https://web.archive.org/web/20220528102738/http://memex.org/community-memory.html,working
"Wizards, Bureaucrats, Warriors & Hackers: Writing the History of the Internet",https://rrchnm.org/essays/wizards-bureaucrats-warriors-hackers-writing-the-history-of-the-internet/,https://web.archive.org/web/20220528102738/https://rrchnm.org/essay/wizards-bureaucrats-warriors-hackers-writing-the-history-of-the-internet/#_ednref52,working
"Wizards, Bureaucrats, Warriors & Hackers: Writing the History of the Internet",https://rrchnm.org/essays/wizards-bureaucrats-warriors-hackers-writing-the-history-of-the-internet/,https://web.archive.org/web/20220528102738/https://rrchnm.org/essay/wizards-bureaucrats-warriors-hackers-writing-the-history-of-the-internet/#_ednref53,working
"Wizards, Bureaucrats, Warriors & Hackers: Writing the History of the Internet",https://rrchnm.org/essays/wizards-bureaucrats-warriors-hackers-writing-the-history-of-the-internet/,https://web.archive.org/web/20220528102738/http://lists.village.virginia.edu/sixties/HTML_docs/Resources/Primary/Manifestos/FSM_fold_bend.html,working
"Wizards, Bureaucrats, Warriors & Hackers: Writing the History of the Internet",https://rrchnm.org/essays/wizards-bureaucrats-warriors-hackers-writing-the-history-of-the-internet/,https://web.archive.org/web/20220528102738/https://rrchnm.org/essay/wizards-bureaucrats-warriors-hackers-writing-the-history-of-the-internet/#_ednref54,working
"Wizards, Bureaucrats, Warriors & Hackers: Writing the History of the Internet",https://rrchnm.org/essays/wizards-bureaucrats-warriors-hackers-writing-the-history-of-the-internet/,https://web.archive.org/web/20220528102738/https://rrchnm.org/essay/wizards-bureaucrats-warriors-hackers-writing-the-history-of-the-internet/#_ednref55,working
"Wizards, Bureaucrats, Warriors & Hackers: Writing the History of the Internet",https://rrchnm.org/essays/wizards-bureaucrats-warriors-hackers-writing-the-history-of-the-internet/,https://web.archive.org/web/20220528102738/http://lists.village.virginia.edu/sixties/HTML_docs/Resources/Primary/Manifestos/SDS_Port_Huron.html,working
"Wizards, Bureaucrats, Warriors & Hackers: Writing the History of the Internet",https://rrchnm.org/essays/wizards-bureaucrats-warriors-hackers-writing-the-history-of-the-internet/,https://web.archive.org/web/20220528102738/https://rrchnm.org/essay/wizards-bureaucrats-warriors-hackers-writing-the-history-of-the-internet/#_ednref56,working
"Wizards, Bureaucrats, Warriors & Hackers: Writing the History of the Internet",https://rrchnm.org/essays/wizards-bureaucrats-warriors-hackers-writing-the-history-of-the-internet/,https://web.archive.org/web/20220528102738/https://rrchnm.org/essay/wizards-bureaucrats-warriors-hackers-writing-the-history-of-the-internet/#_ednref57,working
"Wizards, Bureaucrats, Warriors & Hackers: Writing the History of the Internet",https://rrchnm.org/essays/wizards-bureaucrats-warriors-hackers-writing-the-history-of-the-internet/,https://web.archive.org/web/20220528102738/https://rrchnm.org/essay/wizards-bureaucrats-warriors-hackers-writing-the-history-of-the-internet/#_ednref58,working
"Wizards, Bureaucrats, Warriors & Hackers: Writing the History of the Internet",https://rrchnm.org/essays/wizards-bureaucrats-warriors-hackers-writing-the-history-of-the-internet/,https://web.archive.org/web/20220528102738/https://rrchnm.org/essay/wizards-bureaucrats-warriors-hackers-writing-the-history-of-the-internet/#_ednref59,working
"Wizards, Bureaucrats, Warriors & Hackers: Writing the History of the Internet",https://rrchnm.org/essays/wizards-bureaucrats-warriors-hackers-writing-the-history-of-the-internet/,https://web.archive.org/web/20220528102738/https://rrchnm.org/essay/wizards-bureaucrats-warriors-hackers-writing-the-history-of-the-internet/#_ednref60,working
"Wizards, Bureaucrats, Warriors & Hackers: Writing the History of the Internet",https://rrchnm.org/essays/wizards-bureaucrats-warriors-hackers-writing-the-history-of-the-internet/,https://web.archive.org/web/20220528102738/http://www.sri.com/policy/stp/techin/,status code: 404
"Wizards, Bureaucrats, Warriors & Hackers: Writing the History of the Internet",https://rrchnm.org/essays/wizards-bureaucrats-warriors-hackers-writing-the-history-of-the-internet/,https://web.archive.org/web/20220528102738/https://rrchnm.org/essay/wizards-bureaucrats-warriors-hackers-writing-the-history-of-the-internet/#_ednref61,working
"Wizards, Bureaucrats, Warriors & Hackers: Writing the History of the Internet",https://rrchnm.org/essays/wizards-bureaucrats-warriors-hackers-writing-the-history-of-the-internet/,https://web.archive.org/web/20220528102738/http://www.ifla.org/documents/internet/hari1.txt,working
"Wizards, Bureaucrats, Warriors & Hackers: Writing the History of the Internet",https://rrchnm.org/essays/wizards-bureaucrats-warriors-hackers-writing-the-history-of-the-internet/,https://web.archive.org/web/20220528102738/https://rrchnm.org/essay/wizards-bureaucrats-warriors-hackers-writing-the-history-of-the-internet/#_ednref62,working
"Wizards, Bureaucrats, Warriors & Hackers: Writing the History of the Internet",https://rrchnm.org/essays/wizards-bureaucrats-warriors-hackers-writing-the-history-of-the-internet/,https://web.archive.org/web/20220528102738/https://rrchnm.org/essay/wizards-bureaucrats-warriors-hackers-writing-the-history-of-the-internet/#_ednref63,working
"Wizards, Bureaucrats, Warriors & Hackers: Writing the History of the Internet",https://rrchnm.org/essays/wizards-bureaucrats-warriors-hackers-writing-the-history-of-the-internet/,https://web.archive.org/web/20220528102738/https://rrchnm.org/essay/wizards-bureaucrats-warriors-hackers-writing-the-history-of-the-internet/#_ednref64,working
"Wizards, Bureaucrats, Warriors & Hackers: Writing the History of the Internet",https://rrchnm.org/essays/wizards-bureaucrats-warriors-hackers-writing-the-history-of-the-internet/,https://web.archive.org/web/20220528102738/https://rrchnm.org/essay/wizards-bureaucrats-warriors-hackers-writing-the-history-of-the-internet/#_ednref65,working
"Wizards, Bureaucrats, Warriors & Hackers: Writing the History of the Internet",https://rrchnm.org/essays/wizards-bureaucrats-warriors-hackers-writing-the-history-of-the-internet/,https://web.archive.org/web/20220528102738/https://rrchnm.org/essay/wizards-bureaucrats-warriors-hackers-writing-the-history-of-the-internet/#_ednref66,working
"Wizards, Bureaucrats, Warriors & Hackers: Writing the History of the Internet",https://rrchnm.org/essays/wizards-bureaucrats-warriors-hackers-writing-the-history-of-the-internet/,https://web.archive.org/web/20220528102738/https://rrchnm.org/essay/wizards-bureaucrats-warriors-hackers-writing-the-history-of-the-internet/#_ednref67,working
"Wizards, Bureaucrats, Warriors & Hackers: Writing the History of the Internet",https://rrchnm.org/essays/wizards-bureaucrats-warriors-hackers-writing-the-history-of-the-internet/,https://web.archive.org/web/20220528102738/https://rrchnm.org/essay/wizards-bureaucrats-warriors-hackers-writing-the-history-of-the-internet/#_ednref68,working
"Wizards, Bureaucrats, Warriors & Hackers: Writing the History of the Internet",https://rrchnm.org/essays/wizards-bureaucrats-warriors-hackers-writing-the-history-of-the-internet/,https://web.archive.org/web/20220528102738/http://www.motherjones.com/mother_jones/JA96/borsook.html,status code: 404
"Wizards, Bureaucrats, Warriors & Hackers: Writing the History of the Internet",https://rrchnm.org/essays/wizards-bureaucrats-warriors-hackers-writing-the-history-of-the-internet/,https://web.archive.org/web/20220528102738/https://rrchnm.org/essay/wizards-bureaucrats-warriors-hackers-writing-the-history-of-the-internet/#_ednref69,working
"Wizards, Bureaucrats, Warriors & Hackers: Writing the History of the Internet",https://rrchnm.org/essays/wizards-bureaucrats-warriors-hackers-writing-the-history-of-the-internet/,https://web.archive.org/web/20220528102738/https://rrchnm.org/essay/wizards-bureaucrats-warriors-hackers-writing-the-history-of-the-internet/#_ednref70,working
"Wizards, Bureaucrats, Warriors & Hackers: Writing the History of the Internet",https://rrchnm.org/essays/wizards-bureaucrats-warriors-hackers-writing-the-history-of-the-internet/,https://web.archive.org/web/20220528102738/http://www.iw.com/,working
"Wizards, Bureaucrats, Warriors & Hackers: Writing the History of the Internet",https://rrchnm.org/essays/wizards-bureaucrats-warriors-hackers-writing-the-history-of-the-internet/,https://web.archive.org/web/20220528102738/http://www.zdii.com/industry_list.asp?mode=news&doc_id=ZE201596,working
"Wizards, Bureaucrats, Warriors & Hackers: Writing the History of the Internet",https://rrchnm.org/essays/wizards-bureaucrats-warriors-hackers-writing-the-history-of-the-internet/,https://web.archive.org/web/20220528102738/https://rrchnm.org/essay/wizards-bureaucrats-warriors-hackers-writing-the-history-of-the-internet/#_ednref71,working
"Wizards, Bureaucrats, Warriors & Hackers: Writing the History of the Internet",https://rrchnm.org/essays/wizards-bureaucrats-warriors-hackers-writing-the-history-of-the-internet/,https://web.archive.org/web/20220528102738/https://rrchnm.org/essay/wizards-bureaucrats-warriors-hackers-writing-the-history-of-the-internet/#_ednref72,working
"Wizards, Bureaucrats, Warriors & Hackers: Writing the History of the Internet",https://rrchnm.org/essays/wizards-bureaucrats-warriors-hackers-writing-the-history-of-the-internet/,https://web.archive.org/web/20220528102738/http://www.gvu.gatech.edu/user_surveys/survey-1997-10/#highsum,status code: 404
"Wizards, Bureaucrats, Warriors & Hackers: Writing the History of the Internet",https://rrchnm.org/essays/wizards-bureaucrats-warriors-hackers-writing-the-history-of-the-internet/,https://web.archive.org/web/20220528102738/https://rrchnm.org/essay/wizards-bureaucrats-warriors-hackers-writing-the-history-of-the-internet/#_ednref73,working
"Wizards, Bureaucrats, Warriors & Hackers: Writing the History of the Internet",https://rrchnm.org/essays/wizards-bureaucrats-warriors-hackers-writing-the-history-of-the-internet/,https://web.archive.org/web/20220528102738/http://www.li.org/,working
"Wizards, Bureaucrats, Warriors & Hackers: Writing the History of the Internet",https://rrchnm.org/essays/wizards-bureaucrats-warriors-hackers-writing-the-history-of-the-internet/,https://web.archive.org/web/20220528102738/http://www.gnu.org/fsf/fsf.html,working
"Wizards, Bureaucrats, Warriors & Hackers: Writing the History of the Internet",https://rrchnm.org/essays/wizards-bureaucrats-warriors-hackers-writing-the-history-of-the-internet/,https://web.archive.org/web/20220528102738/http://www.gnu.org/philosophy/why-free.html,working
"Wizards, Bureaucrats, Warriors & Hackers: Writing the History of the Internet",https://rrchnm.org/essays/wizards-bureaucrats-warriors-hackers-writing-the-history-of-the-internet/,https://web.archive.org/web/20220528102738/http://archive.salon.com/21st/feature/1997/11/cov_20feature.html,status code: 404
"Wizards, Bureaucrats, Warriors & Hackers: Writing the History of the Internet",https://rrchnm.org/essays/wizards-bureaucrats-warriors-hackers-writing-the-history-of-the-internet/,https://web.archive.org/web/20220528102738/http://x5.dejanews.com/profile.xp?author=torvalds@cs.helsinki.fi%20%20(Linus%20Torvalds)%0D%0D%0D%0D,status code: 404
"Wizards, Bureaucrats, Warriors & Hackers: Writing the History of the Internet",https://rrchnm.org/essays/wizards-bureaucrats-warriors-hackers-writing-the-history-of-the-internet/,https://web.archive.org/web/20220528102738/https://rrchnm.org/essay/wizards-bureaucrats-warriors-hackers-writing-the-history-of-the-internet/#_ednref74,working
"Wizards, Bureaucrats, Warriors & Hackers: Writing the History of the Internet",https://rrchnm.org/essays/wizards-bureaucrats-warriors-hackers-writing-the-history-of-the-internet/,https://web.archive.org/web/20220528102738/http://www.gnu.org%20fsf/fsf.html,status code: 404
"Wizards, Bureaucrats, Warriors & Hackers: Writing the History of the Internet",https://rrchnm.org/essays/wizards-bureaucrats-warriors-hackers-writing-the-history-of-the-internet/,https://web.archive.org/web/20220528102738/http://www.gnu.org/philosophy/why-free.html,working
"Wizards, Bureaucrats, Warriors & Hackers: Writing the History of the Internet",https://rrchnm.org/essays/wizards-bureaucrats-warriors-hackers-writing-the-history-of-the-internet/,https://web.archive.org/web/20220528102738/http://www.salonmagazine.com/21st/feature/1997/11/cov_20feature.html,status code: 404
"Wizards, Bureaucrats, Warriors & Hackers: Writing the History of the Internet",https://rrchnm.org/essays/wizards-bureaucrats-warriors-hackers-writing-the-history-of-the-internet/,https://web.archive.org/web/20220528102738/http://x5.dejanews.com/profile.xp?author=torvalds@cs.helsinki.f%20i%20(Linus%20Torvalds),status code: 404
"Wizards, Bureaucrats, Warriors & Hackers: Writing the History of the Internet",https://rrchnm.org/essays/wizards-bureaucrats-warriors-hackers-writing-the-history-of-the-internet/,https://web.archive.org/web/20220528102738/https://rrchnm.org/essay/wizards-bureaucrats-warriors-hackers-writing-the-history-of-the-internet/#_ednref75,working
"Wizards, Bureaucrats, Warriors & Hackers: Writing the History of the Internet",https://rrchnm.org/essays/wizards-bureaucrats-warriors-hackers-writing-the-history-of-the-internet/,https://web.archive.org/web/20220528102738/http://www.firstmonday.dk/issues/issue3_3/agre/index.htm,status code: 404
‘Dynamic Syllabi for Dummies’: Posting Class Assignments on the World Wide Web,https://rrchnm.org/essays/dynamic-syllabi-for-dummies-posting-class-assignments-on-the-world-wide-web/,https://web.archive.org/web/20220629182857/http://www.oberlin.edu/~history/Korn103.html,status code: 404
‘Dynamic Syllabi for Dummies’: Posting Class Assignments on the World Wide Web,https://rrchnm.org/essays/dynamic-syllabi-for-dummies-posting-class-assignments-on-the-world-wide-web/,https://web.archive.org/web/20220629182857/http://http//rs6.loc.gov/amhome.html,status code: 404
‘Dynamic Syllabi for Dummies’: Posting Class Assignments on the World Wide Web,https://rrchnm.org/essays/dynamic-syllabi-for-dummies-posting-class-assignments-on-the-world-wide-web/,https://web.archive.org/web/20220629182857/http://http//jefferson.village.Virginia.EDU/vshadow2/,status code: 404
‘Dynamic Syllabi for Dummies’: Posting Class Assignments on the World Wide Web,https://rrchnm.org/essays/dynamic-syllabi-for-dummies-posting-class-assignments-on-the-world-wide-web/,https://web.archive.org/web/20220629182857/http://http//www.chicagohs.org/fire/index.html,status code: 404
‘Dynamic Syllabi for Dummies’: Posting Class Assignments on the World Wide Web,https://rrchnm.org/essays/dynamic-syllabi-for-dummies-posting-class-assignments-on-the-world-wide-web/,https://web.archive.org/web/20220629182857/http://http//newdeal.feri.org/,status code: 404
‘Dynamic Syllabi for Dummies’: Posting Class Assignments on the World Wide Web,https://rrchnm.org/essays/dynamic-syllabi-for-dummies-posting-class-assignments-on-the-world-wide-web/,https://web.archive.org/web/20220629182857/http://http//www.georgetown.edu/crossroads/asw/,status code: 404
‘Dynamic Syllabi for Dummies’: Posting Class Assignments on the World Wide Web,https://rrchnm.org/essays/dynamic-syllabi-for-dummies-posting-class-assignments-on-the-world-wide-web/,https://web.archive.org/web/20220629182857/http://http//chnm.gmu.edu/chnm/websites/wsbest.html,status code: 404
‘Dynamic Syllabi for Dummies’: Posting Class Assignments on the World Wide Web,https://rrchnm.org/essays/dynamic-syllabi-for-dummies-posting-class-assignments-on-the-world-wide-web/,https://web.archive.org/web/20220629182857/http://http//www.execpc.com/~dboals/amer.html,status code: 404
‘Dynamic Syllabi for Dummies’: Posting Class Assignments on the World Wide Web,https://rrchnm.org/essays/dynamic-syllabi-for-dummies-posting-class-assignments-on-the-world-wide-web/,https://web.archive.org/web/20220629182857/http://http//www.library.csi.cuny.edu/westweb/,status code: 404
‘Dynamic Syllabi for Dummies’: Posting Class Assignments on the World Wide Web,https://rrchnm.org/essays/dynamic-syllabi-for-dummies-posting-class-assignments-on-the-world-wide-web/,https://web.archive.org/web/20220629182857/http://http//www.yahoo.com/Arts/Humanities/History/U_S__History/,status code: 404
‘Dynamic Syllabi for Dummies’: Posting Class Assignments on the World Wide Web,https://rrchnm.org/essays/dynamic-syllabi-for-dummies-posting-class-assignments-on-the-world-wide-web/,https://web.archive.org/web/20220629182857/http://http//www.georgetown.edu/crossroads/webcourses.html,status code: 404
Can You Do Serious History on the Web?,https://rrchnm.org/essays/can-you-do-serious-history-on-the-web/,https://web.archive.org/web/20220629182227/http://www.chicagohs.org/fire,status code: 404
Brave New World or Blind Alley? American History on the World Wide Web,https://rrchnm.org/essays/brave-new-world-or-blind-alley-american-history-on-the-world-wide-web/,https://web.archive.org/web/20220629195436/https://rrchnm.org/essay/brave-new-world-or-blind-alley-american-history-on-the-world-wide-web/#1,working
Brave New World or Blind Alley? American History on the World Wide Web,https://rrchnm.org/essays/brave-new-world-or-blind-alley-american-history-on-the-world-wide-web/,https://web.archive.org/web/20220629195436/https://rrchnm.org/essay/brave-new-world-or-blind-alley-american-history-on-the-world-wide-web/#2,working
Brave New World or Blind Alley? American History on the World Wide Web,https://rrchnm.org/essays/brave-new-world-or-blind-alley-american-history-on-the-world-wide-web/,https://web.archive.org/web/20220629195436/https://rrchnm.org/essay/brave-new-world-or-blind-alley-american-history-on-the-world-wide-web/#3,working
Brave New World or Blind Alley? American History on the World Wide Web,https://rrchnm.org/essays/brave-new-world-or-blind-alley-american-history-on-the-world-wide-web/,https://web.archive.org/web/20220629195436/https://rrchnm.org/essay/brave-new-world-or-blind-alley-american-history-on-the-world-wide-web/#4,working
Brave New World or Blind Alley? American History on the World Wide Web,https://rrchnm.org/essays/brave-new-world-or-blind-alley-american-history-on-the-world-wide-web/,https://web.archive.org/web/20220629195436/https://rrchnm.org/essay/brave-new-world-or-blind-alley-american-history-on-the-world-wide-web/#5,working
Brave New World or Blind Alley? American History on the World Wide Web,https://rrchnm.org/essays/brave-new-world-or-blind-alley-american-history-on-the-world-wide-web/,https://web.archive.org/web/20220629195436/https://rrchnm.org/essay/brave-new-world-or-blind-alley-american-history-on-the-world-wide-web/#6,working
Brave New World or Blind Alley? American History on the World Wide Web,https://rrchnm.org/essays/brave-new-world-or-blind-alley-american-history-on-the-world-wide-web/,https://web.archive.org/web/20220629195436/https://rrchnm.org/essay/brave-new-world-or-blind-alley-american-history-on-the-world-wide-web/#7,working
Brave New World or Blind Alley? American History on the World Wide Web,https://rrchnm.org/essays/brave-new-world-or-blind-alley-american-history-on-the-world-wide-web/,https://web.archive.org/web/20220629195436/https://rrchnm.org/essay/brave-new-world-or-blind-alley-american-history-on-the-world-wide-web/#8,working
Brave New World or Blind Alley? American History on the World Wide Web,https://rrchnm.org/essays/brave-new-world-or-blind-alley-american-history-on-the-world-wide-web/,https://web.archive.org/web/20220629195436/https://rrchnm.org/essay/brave-new-world-or-blind-alley-american-history-on-the-world-wide-web/#9,working
Brave New World or Blind Alley? American History on the World Wide Web,https://rrchnm.org/essays/brave-new-world-or-blind-alley-american-history-on-the-world-wide-web/,https://web.archive.org/web/20220629195436/https://rrchnm.org/essay/brave-new-world-or-blind-alley-american-history-on-the-world-wide-web/#10,working
Brave New World or Blind Alley? American History on the World Wide Web,https://rrchnm.org/essays/brave-new-world-or-blind-alley-american-history-on-the-world-wide-web/,https://web.archive.org/web/20220629195436/https://rrchnm.org/essay/brave-new-world-or-blind-alley-american-history-on-the-world-wide-web/#11,working
Brave New World or Blind Alley? American History on the World Wide Web,https://rrchnm.org/essays/brave-new-world-or-blind-alley-american-history-on-the-world-wide-web/,https://web.archive.org/web/20220629195436/https://rrchnm.org/essay/brave-new-world-or-blind-alley-american-history-on-the-world-wide-web/#12,working
Brave New World or Blind Alley? American History on the World Wide Web,https://rrchnm.org/essays/brave-new-world-or-blind-alley-american-history-on-the-world-wide-web/,https://web.archive.org/web/20220629195436/https://rrchnm.org/essay/brave-new-world-or-blind-alley-american-history-on-the-world-wide-web/#13,working
Brave New World or Blind Alley? American History on the World Wide Web,https://rrchnm.org/essays/brave-new-world-or-blind-alley-american-history-on-the-world-wide-web/,https://web.archive.org/web/20220629195436/https://rrchnm.org/essay/brave-new-world-or-blind-alley-american-history-on-the-world-wide-web/#14,working
Brave New World or Blind Alley? American History on the World Wide Web,https://rrchnm.org/essays/brave-new-world-or-blind-alley-american-history-on-the-world-wide-web/,https://web.archive.org/web/20220629195436/https://rrchnm.org/essay/brave-new-world-or-blind-alley-american-history-on-the-world-wide-web/#15,working
Brave New World or Blind Alley? American History on the World Wide Web,https://rrchnm.org/essays/brave-new-world-or-blind-alley-american-history-on-the-world-wide-web/,https://web.archive.org/web/20220629195436/https://rrchnm.org/essay/brave-new-world-or-blind-alley-american-history-on-the-world-wide-web/#16,working
Brave New World or Blind Alley? American History on the World Wide Web,https://rrchnm.org/essays/brave-new-world-or-blind-alley-american-history-on-the-world-wide-web/,https://web.archive.org/web/20220629195436/https://rrchnm.org/essay/brave-new-world-or-blind-alley-american-history-on-the-world-wide-web/#17,working
Brave New World or Blind Alley? American History on the World Wide Web,https://rrchnm.org/essays/brave-new-world-or-blind-alley-american-history-on-the-world-wide-web/,https://web.archive.org/web/20220629195436/https://rrchnm.org/essay/brave-new-world-or-blind-alley-american-history-on-the-world-wide-web/#18,working
Brave New World or Blind Alley? American History on the World Wide Web,https://rrchnm.org/essays/brave-new-world-or-blind-alley-american-history-on-the-world-wide-web/,https://web.archive.org/web/20220629195436/https://rrchnm.org/essay/brave-new-world-or-blind-alley-american-history-on-the-world-wide-web/#19,working
Brave New World or Blind Alley? American History on the World Wide Web,https://rrchnm.org/essays/brave-new-world-or-blind-alley-american-history-on-the-world-wide-web/,https://web.archive.org/web/20220629195436/https://rrchnm.org/essay/brave-new-world-or-blind-alley-american-history-on-the-world-wide-web/#20,working
Brave New World or Blind Alley? American History on the World Wide Web,https://rrchnm.org/essays/brave-new-world-or-blind-alley-american-history-on-the-world-wide-web/,https://web.archive.org/web/20220629195436/https://rrchnm.org/essay/brave-new-world-or-blind-alley-american-history-on-the-world-wide-web/#21,working
Brave New World or Blind Alley? American History on the World Wide Web,https://rrchnm.org/essays/brave-new-world-or-blind-alley-american-history-on-the-world-wide-web/,https://web.archive.org/web/20220629195436/https://rrchnm.org/essay/brave-new-world-or-blind-alley-american-history-on-the-world-wide-web/#22,working
Brave New World or Blind Alley? American History on the World Wide Web,https://rrchnm.org/essays/brave-new-world-or-blind-alley-american-history-on-the-world-wide-web/,https://web.archive.org/web/20220629195436/https://rrchnm.org/essay/brave-new-world-or-blind-alley-american-history-on-the-world-wide-web/#23,working
Brave New World or Blind Alley? American History on the World Wide Web,https://rrchnm.org/essays/brave-new-world-or-blind-alley-american-history-on-the-world-wide-web/,https://web.archive.org/web/20220629195436/https://rrchnm.org/essay/brave-new-world-or-blind-alley-american-history-on-the-world-wide-web/#24,working
Brave New World or Blind Alley? American History on the World Wide Web,https://rrchnm.org/essays/brave-new-world-or-blind-alley-american-history-on-the-world-wide-web/,https://web.archive.org/web/20220629195436/https://rrchnm.org/essay/brave-new-world-or-blind-alley-american-history-on-the-world-wide-web/#25,working
Brave New World or Blind Alley? American History on the World Wide Web,https://rrchnm.org/essays/brave-new-world-or-blind-alley-american-history-on-the-world-wide-web/,https://web.archive.org/web/20220629195436/https://rrchnm.org/essay/brave-new-world-or-blind-alley-american-history-on-the-world-wide-web/#26,working
Brave New World or Blind Alley? American History on the World Wide Web,https://rrchnm.org/essays/brave-new-world-or-blind-alley-american-history-on-the-world-wide-web/,https://web.archive.org/web/20220629195436/https://rrchnm.org/essay/brave-new-world-or-blind-alley-american-history-on-the-world-wide-web/#27,working
Brave New World or Blind Alley? American History on the World Wide Web,https://rrchnm.org/essays/brave-new-world-or-blind-alley-american-history-on-the-world-wide-web/,https://web.archive.org/web/20220629195436/https://rrchnm.org/essay/brave-new-world-or-blind-alley-american-history-on-the-world-wide-web/#28,working
Brave New World or Blind Alley? American History on the World Wide Web,https://rrchnm.org/essays/brave-new-world-or-blind-alley-american-history-on-the-world-wide-web/,https://web.archive.org/web/20220629195436/https://rrchnm.org/essay/brave-new-world-or-blind-alley-american-history-on-the-world-wide-web/#29,working
Brave New World or Blind Alley? American History on the World Wide Web,https://rrchnm.org/essays/brave-new-world-or-blind-alley-american-history-on-the-world-wide-web/,https://web.archive.org/web/20220629195436/https://rrchnm.org/essay/brave-new-world-or-blind-alley-american-history-on-the-world-wide-web/#30,working
Brave New World or Blind Alley? American History on the World Wide Web,https://rrchnm.org/essays/brave-new-world-or-blind-alley-american-history-on-the-world-wide-web/,https://web.archive.org/web/20220629195436/https://rrchnm.org/essay/brave-new-world-or-blind-alley-american-history-on-the-world-wide-web/#31,working
Brave New World or Blind Alley? American History on the World Wide Web,https://rrchnm.org/essays/brave-new-world-or-blind-alley-american-history-on-the-world-wide-web/,https://web.archive.org/web/20220629195436/https://rrchnm.org/essay/brave-new-world-or-blind-alley-american-history-on-the-world-wide-web/#32,working
Brave New World or Blind Alley? American History on the World Wide Web,https://rrchnm.org/essays/brave-new-world-or-blind-alley-american-history-on-the-world-wide-web/,https://web.archive.org/web/20220629195436/https://rrchnm.org/essay/brave-new-world-or-blind-alley-american-history-on-the-world-wide-web/#33,working
Brave New World or Blind Alley? American History on the World Wide Web,https://rrchnm.org/essays/brave-new-world-or-blind-alley-american-history-on-the-world-wide-web/,https://web.archive.org/web/20220629195436/https://rrchnm.org/essay/brave-new-world-or-blind-alley-american-history-on-the-world-wide-web/#34,working
Brave New World or Blind Alley? American History on the World Wide Web,https://rrchnm.org/essays/brave-new-world-or-blind-alley-american-history-on-the-world-wide-web/,https://web.archive.org/web/20220629195436/https://rrchnm.org/essay/brave-new-world-or-blind-alley-american-history-on-the-world-wide-web/#35,working
Brave New World or Blind Alley? American History on the World Wide Web,https://rrchnm.org/essays/brave-new-world-or-blind-alley-american-history-on-the-world-wide-web/,https://web.archive.org/web/20220629195436/https://rrchnm.org/essay/brave-new-world-or-blind-alley-american-history-on-the-world-wide-web/#36,working
Brave New World or Blind Alley? American History on the World Wide Web,https://rrchnm.org/essays/brave-new-world-or-blind-alley-american-history-on-the-world-wide-web/,https://web.archive.org/web/20220629195436/https://rrchnm.org/essay/brave-new-world-or-blind-alley-american-history-on-the-world-wide-web/#37,working
Brave New World or Blind Alley? American History on the World Wide Web,https://rrchnm.org/essays/brave-new-world-or-blind-alley-american-history-on-the-world-wide-web/,https://web.archive.org/web/20220629195436/https://rrchnm.org/essay/brave-new-world-or-blind-alley-american-history-on-the-world-wide-web/#38,working
Brave New World or Blind Alley? American History on the World Wide Web,https://rrchnm.org/essays/brave-new-world-or-blind-alley-american-history-on-the-world-wide-web/,https://web.archive.org/web/20220629195436/https://rrchnm.org/essay/brave-new-world-or-blind-alley-american-history-on-the-world-wide-web/#39,working
Brave New World or Blind Alley? American History on the World Wide Web,https://rrchnm.org/essays/brave-new-world-or-blind-alley-american-history-on-the-world-wide-web/,https://web.archive.org/web/20220629195436/https://rrchnm.org/essay/brave-new-world-or-blind-alley-american-history-on-the-world-wide-web/#ref1,working
Brave New World or Blind Alley? American History on the World Wide Web,https://rrchnm.org/essays/brave-new-world-or-blind-alley-american-history-on-the-world-wide-web/,https://web.archive.org/web/20220629195436/https://rrchnm.org/essay/brave-new-world-or-blind-alley-american-history-on-the-world-wide-web/#ref2,working
Brave New World or Blind Alley? American History on the World Wide Web,https://rrchnm.org/essays/brave-new-world-or-blind-alley-american-history-on-the-world-wide-web/,https://web.archive.org/web/20220629195436/https://rrchnm.org/essay/brave-new-world-or-blind-alley-american-history-on-the-world-wide-web/#ref3,working
Brave New World or Blind Alley? American History on the World Wide Web,https://rrchnm.org/essays/brave-new-world-or-blind-alley-american-history-on-the-world-wide-web/,https://web.archive.org/web/20220629195436/https://rrchnm.org/essay/brave-new-world-or-blind-alley-american-history-on-the-world-wide-web/#ref4,working
Brave New World or Blind Alley? American History on the World Wide Web,https://rrchnm.org/essays/brave-new-world-or-blind-alley-american-history-on-the-world-wide-web/,https://web.archive.org/web/20220629195436/https://rrchnm.org/essay/brave-new-world-or-blind-alley-american-history-on-the-world-wide-web/#ref5,working
Brave New World or Blind Alley? American History on the World Wide Web,https://rrchnm.org/essays/brave-new-world-or-blind-alley-american-history-on-the-world-wide-web/,https://web.archive.org/web/20220629195436/https://rrchnm.org/essay/brave-new-world-or-blind-alley-american-history-on-the-world-wide-web/#ref6,working
Brave New World or Blind Alley? American History on the World Wide Web,https://rrchnm.org/essays/brave-new-world-or-blind-alley-american-history-on-the-world-wide-web/,https://web.archive.org/web/20220629195436/https://rrchnm.org/essay/brave-new-world-or-blind-alley-american-history-on-the-world-wide-web/#ref7,working
Brave New World or Blind Alley? American History on the World Wide Web,https://rrchnm.org/essays/brave-new-world-or-blind-alley-american-history-on-the-world-wide-web/,https://web.archive.org/web/20220629195436/https://rrchnm.org/essay/brave-new-world-or-blind-alley-american-history-on-the-world-wide-web/#ref8,working
Brave New World or Blind Alley? American History on the World Wide Web,https://rrchnm.org/essays/brave-new-world-or-blind-alley-american-history-on-the-world-wide-web/,https://web.archive.org/web/20220629195436/https://rrchnm.org/essay/brave-new-world-or-blind-alley-american-history-on-the-world-wide-web/#ref9,working
Brave New World or Blind Alley? American History on the World Wide Web,https://rrchnm.org/essays/brave-new-world-or-blind-alley-american-history-on-the-world-wide-web/,https://web.archive.org/web/20220629195436/http://dir.yahoo.com/Arts/Humanities/History/U_S__History/,status code: 404
Brave New World or Blind Alley? American History on the World Wide Web,https://rrchnm.org/essays/brave-new-world-or-blind-alley-american-history-on-the-world-wide-web/,https://web.archive.org/web/20220629195436/https://rrchnm.org/essay/brave-new-world-or-blind-alley-american-history-on-the-world-wide-web/#ref10,working
Brave New World or Blind Alley? American History on the World Wide Web,https://rrchnm.org/essays/brave-new-world-or-blind-alley-american-history-on-the-world-wide-web/,https://web.archive.org/web/20220629195436/http://www.hoffman-info.com/,working
Brave New World or Blind Alley? American History on the World Wide Web,https://rrchnm.org/essays/brave-new-world-or-blind-alley-american-history-on-the-world-wide-web/,https://web.archive.org/web/20220629195436/http://www.nwhp.org/,working
Brave New World or Blind Alley? American History on the World Wide Web,https://rrchnm.org/essays/brave-new-world-or-blind-alley-american-history-on-the-world-wide-web/,https://web.archive.org/web/20220629195436/http://mason.gmu.edu/jstanle1/FTP/index.html,status code: 404
Brave New World or Blind Alley? American History on the World Wide Web,https://rrchnm.org/essays/brave-new-world-or-blind-alley-american-history-on-the-world-wide-web/,https://web.archive.org/web/20220629195436/http://rs6.loc.gov/WPAintro/WPAhome.html,status code: 403
Brave New World or Blind Alley? American History on the World Wide Web,https://rrchnm.org/essays/brave-new-world-or-blind-alley-american-history-on-the-world-wide-web/,https://web.archive.org/web/20220629195436/https://rrchnm.org/essay/brave-new-world-or-blind-alley-american-history-on-the-world-wide-web/#ref11,working
Brave New World or Blind Alley? American History on the World Wide Web,https://rrchnm.org/essays/brave-new-world-or-blind-alley-american-history-on-the-world-wide-web/,https://web.archive.org/web/20220629195436/http://www.georgetown.edu/crossroads,status code: 404
Brave New World or Blind Alley? American History on the World Wide Web,https://rrchnm.org/essays/brave-new-world-or-blind-alley-american-history-on-the-world-wide-web/,https://web.archive.org/web/20220629195436/http://www.gmu.edu/chnm,working
Brave New World or Blind Alley? American History on the World Wide Web,https://rrchnm.org/essays/brave-new-world-or-blind-alley-american-history-on-the-world-wide-web/,https://web.archive.org/web/20220629195436/http://www.clark.net/pub/rsjdfg/,working
Brave New World or Blind Alley? American History on the World Wide Web,https://rrchnm.org/essays/brave-new-world-or-blind-alley-american-history-on-the-world-wide-web/,https://web.archive.org/web/20220629195436/http://www.mckinley.com/,working
Brave New World or Blind Alley? American History on the World Wide Web,https://rrchnm.org/essays/brave-new-world-or-blind-alley-american-history-on-the-world-wide-web/,https://web.archive.org/web/20220629195436/https://rrchnm.org/essay/brave-new-world-or-blind-alley-american-history-on-the-world-wide-web/#ref12,working
Brave New World or Blind Alley? American History on the World Wide Web,https://rrchnm.org/essays/brave-new-world-or-blind-alley-american-history-on-the-world-wide-web/,https://web.archive.org/web/20220629195436/http://www.altavista.com/,working
Brave New World or Blind Alley? American History on the World Wide Web,https://rrchnm.org/essays/brave-new-world-or-blind-alley-american-history-on-the-world-wide-web/,https://web.archive.org/web/20220629195436/https://rrchnm.org/essay/brave-new-world-or-blind-alley-american-history-on-the-world-wide-web/#ref13,working
Brave New World or Blind Alley? American History on the World Wide Web,https://rrchnm.org/essays/brave-new-world-or-blind-alley-american-history-on-the-world-wide-web/,https://web.archive.org/web/20220629195436/http://sunsite.berkeley.edu/Goldman/,working
Brave New World or Blind Alley? American History on the World Wide Web,https://rrchnm.org/essays/brave-new-world-or-blind-alley-american-history-on-the-world-wide-web/,https://web.archive.org/web/20220629195436/https://rrchnm.org/essay/brave-new-world-or-blind-alley-american-history-on-the-world-wide-web/#ref14,working
Brave New World or Blind Alley? American History on the World Wide Web,https://rrchnm.org/essays/brave-new-world-or-blind-alley-american-history-on-the-world-wide-web/,https://web.archive.org/web/20220629195436/http://gepweb1.grolier.com/presidents/ea/side/debs.html,working
Brave New World or Blind Alley? American History on the World Wide Web,https://rrchnm.org/essays/brave-new-world-or-blind-alley-american-history-on-the-world-wide-web/,https://web.archive.org/web/20220629195436/http://doe.state.in.us/Learningresources/persons,status code: 404
Brave New World or Blind Alley? American History on the World Wide Web,https://rrchnm.org/essays/brave-new-world-or-blind-alley-american-history-on-the-world-wide-web/,https://web.archive.org/web/20220629195436/http://www.wvlc.wvnet.edu/history/journal_wvh/wvh52.html,status code: 404
Brave New World or Blind Alley? American History on the World Wide Web,https://rrchnm.org/essays/brave-new-world-or-blind-alley-american-history-on-the-world-wide-web/,https://web.archive.org/web/20220629195436/http://odin.indstate.edu/level1.dir/rare.html#%20Debs,status code: 500
Brave New World or Blind Alley? American History on the World Wide Web,https://rrchnm.org/essays/brave-new-world-or-blind-alley-american-history-on-the-world-wide-web/,https://web.archive.org/web/20220629195436/https://rrchnm.org/essay/brave-new-world-or-blind-alley-american-history-on-the-world-wide-web/#ref15,"error: ('Connection aborted.', RemoteDisconnected('Remote end closed connection without response'))"
Brave New World or Blind Alley? American History on the World Wide Web,https://rrchnm.org/essays/brave-new-world-or-blind-alley-american-history-on-the-world-wide-web/,https://web.archive.org/web/20220629195436/https://rrchnm.org/essay/brave-new-world-or-blind-alley-american-history-on-the-world-wide-web/#ref16,working
Brave New World or Blind Alley? American History on the World Wide Web,https://rrchnm.org/essays/brave-new-world-or-blind-alley-american-history-on-the-world-wide-web/,https://web.archive.org/web/20220629195436/http://www.lib.utexas.edu/Libs/HRC/WATCH/,status code: 404
Brave New World or Blind Alley? American History on the World Wide Web,https://rrchnm.org/essays/brave-new-world-or-blind-alley-american-history-on-the-world-wide-web/,https://web.archive.org/web/20220629195436/http://www.clpgh.org/exhibit/carnegie.html,status code: 404
Brave New World or Blind Alley? American History on the World Wide Web,https://rrchnm.org/essays/brave-new-world-or-blind-alley-american-history-on-the-world-wide-web/,https://web.archive.org/web/20220629195436/http://www.expressmedia.co.uk/carnegie/story.htm,status code: 404
Brave New World or Blind Alley? American History on the World Wide Web,https://rrchnm.org/essays/brave-new-world-or-blind-alley-american-history-on-the-world-wide-web/,https://web.archive.org/web/20220629195436/https://rrchnm.org/essay/brave-new-world-or-blind-alley-american-history-on-the-world-wide-web/#ref17,working
Brave New World or Blind Alley? American History on the World Wide Web,https://rrchnm.org/essays/brave-new-world-or-blind-alley-american-history-on-the-world-wide-web/,https://web.archive.org/web/20220629195436/https://rrchnm.org/essay/brave-new-world-or-blind-alley-american-history-on-the-world-wide-web/#ref18,working
Brave New World or Blind Alley? American History on the World Wide Web,https://rrchnm.org/essays/brave-new-world-or-blind-alley-american-history-on-the-world-wide-web/,https://web.archive.org/web/20220629195436/http://lcweb2.loc.gov/ammem/dlib-2part.html,working
Brave New World or Blind Alley? American History on the World Wide Web,https://rrchnm.org/essays/brave-new-world-or-blind-alley-american-history-on-the-world-wide-web/,https://web.archive.org/web/20220629195436/https://rrchnm.org/essay/brave-new-world-or-blind-alley-american-history-on-the-world-wide-web/#ref19,working
Brave New World or Blind Alley? American History on the World Wide Web,https://rrchnm.org/essays/brave-new-world-or-blind-alley-american-history-on-the-world-wide-web/,https://web.archive.org/web/20220629195436/https://rrchnm.org/essay/brave-new-world-or-blind-alley-american-history-on-the-world-wide-web/#ref20,working
Brave New World or Blind Alley? American History on the World Wide Web,https://rrchnm.org/essays/brave-new-world-or-blind-alley-american-history-on-the-world-wide-web/,https://web.archive.org/web/20220629195436/https://rrchnm.org/essay/brave-new-world-or-blind-alley-american-history-on-the-world-wide-web/#ref21,working
Brave New World or Blind Alley? American History on the World Wide Web,https://rrchnm.org/essays/brave-new-world-or-blind-alley-american-history-on-the-world-wide-web/,https://web.archive.org/web/20220629195436/http:///?,working
Brave New World or Blind Alley? American History on the World Wide Web,https://rrchnm.org/essays/brave-new-world-or-blind-alley-american-history-on-the-world-wide-web/,https://web.archive.org/web/20220629195436/http:///?,working
Brave New World or Blind Alley? American History on the World Wide Web,https://rrchnm.org/essays/brave-new-world-or-blind-alley-american-history-on-the-world-wide-web/,https://web.archive.org/web/20220629195436/http:///?,working
Brave New World or Blind Alley? American History on the World Wide Web,https://rrchnm.org/essays/brave-new-world-or-blind-alley-american-history-on-the-world-wide-web/,https://web.archive.org/web/20220629195436/http:///?,working
Brave New World or Blind Alley? American History on the World Wide Web,https://rrchnm.org/essays/brave-new-world-or-blind-alley-american-history-on-the-world-wide-web/,https://web.archive.org/web/20220629195436/http:///?,working
Brave New World or Blind Alley? American History on the World Wide Web,https://rrchnm.org/essays/brave-new-world-or-blind-alley-american-history-on-the-world-wide-web/,https://web.archive.org/web/20220629195436/http:///?,working
Brave New World or Blind Alley? American History on the World Wide Web,https://rrchnm.org/essays/brave-new-world-or-blind-alley-american-history-on-the-world-wide-web/,https://web.archive.org/web/20220629195436/http:///?,working
Brave New World or Blind Alley? American History on the World Wide Web,https://rrchnm.org/essays/brave-new-world-or-blind-alley-american-history-on-the-world-wide-web/,https://web.archive.org/web/20220629195436/https://rrchnm.org/essay/brave-new-world-or-blind-alley-american-history-on-the-world-wide-web/#ref22,working
Brave New World or Blind Alley? American History on the World Wide Web,https://rrchnm.org/essays/brave-new-world-or-blind-alley-american-history-on-the-world-wide-web/,https://web.archive.org/web/20220629195436/https://rrchnm.org/essay/brave-new-world-or-blind-alley-american-history-on-the-world-wide-web/#ref23,working
Brave New World or Blind Alley? American History on the World Wide Web,https://rrchnm.org/essays/brave-new-world-or-blind-alley-american-history-on-the-world-wide-web/,https://web.archive.org/web/20220629195436/http://library.cit.cornell.edu/MOA/moa-mission.html,status code: 404
Brave New World or Blind Alley? American History on the World Wide Web,https://rrchnm.org/essays/brave-new-world-or-blind-alley-american-history-on-the-world-wide-web/,https://web.archive.org/web/20220629195436/https://rrchnm.org/essay/brave-new-world-or-blind-alley-american-history-on-the-world-wide-web/#ref24,working
Brave New World or Blind Alley? American History on the World Wide Web,https://rrchnm.org/essays/brave-new-world-or-blind-alley-american-history-on-the-world-wide-web/,https://web.archive.org/web/20220629195436/http://sunsite.unc.edu/docsouth/,status code: 404
Brave New World or Blind Alley? American History on the World Wide Web,https://rrchnm.org/essays/brave-new-world-or-blind-alley-american-history-on-the-world-wide-web/,https://web.archive.org/web/20220629195436/http://vi.uh.edu/pages/mintz/GILDER.HTM,status code: 404
Brave New World or Blind Alley? American History on the World Wide Web,https://rrchnm.org/essays/brave-new-world-or-blind-alley-american-history-on-the-world-wide-web/,https://web.archive.org/web/20220629195436/http://www.wfu.edu/Library/rarebook/broads.html,status code: 404
Brave New World or Blind Alley? American History on the World Wide Web,https://rrchnm.org/essays/brave-new-world-or-blind-alley-american-history-on-the-world-wide-web/,https://web.archive.org/web/20220629195436/http://lcweb2.loc.gov/ammem/award/index.html,working
Brave New World or Blind Alley? American History on the World Wide Web,https://rrchnm.org/essays/brave-new-world-or-blind-alley-american-history-on-the-world-wide-web/,https://web.archive.org/web/20220629195436/https://rrchnm.org/essay/brave-new-world-or-blind-alley-american-history-on-the-world-wide-web/#ref25,working
Brave New World or Blind Alley? American History on the World Wide Web,https://rrchnm.org/essays/brave-new-world-or-blind-alley-american-history-on-the-world-wide-web/,https://web.archive.org/web/20220629195436/http://web.syr.edu:80/~fjzwick/ail98-35.html,status code: 403
Brave New World or Blind Alley? American History on the World Wide Web,https://rrchnm.org/essays/brave-new-world-or-blind-alley-american-history-on-the-world-wide-web/,https://web.archive.org/web/20220629195436/https://rrchnm.org/essay/brave-new-world-or-blind-alley-american-history-on-the-world-wide-web/#ref26,working
Brave New World or Blind Alley? American History on the World Wide Web,https://rrchnm.org/essays/brave-new-world-or-blind-alley-american-history-on-the-world-wide-web/,https://web.archive.org/web/20220629195436/http://jefferson.village.virginia.edu/vshadow2/,status code: 404
Brave New World or Blind Alley? American History on the World Wide Web,https://rrchnm.org/essays/brave-new-world-or-blind-alley-american-history-on-the-world-wide-web/,https://web.archive.org/web/20220629195436/https://rrchnm.org/essay/brave-new-world-or-blind-alley-american-history-on-the-world-wide-web/#ref27,working
Brave New World or Blind Alley? American History on the World Wide Web,https://rrchnm.org/essays/brave-new-world-or-blind-alley-american-history-on-the-world-wide-web/,https://web.archive.org/web/20220629195436/http://%20www.ausbcomp.com/~bbott/wik/vbush.htm,status code: 404
Brave New World or Blind Alley? American History on the World Wide Web,https://rrchnm.org/essays/brave-new-world-or-blind-alley-american-history-on-the-world-wide-web/,https://web.archive.org/web/20220629195436/http://www.tcm.org/,working
Brave New World or Blind Alley? American History on the World Wide Web,https://rrchnm.org/essays/brave-new-world-or-blind-alley-american-history-on-the-world-wide-web/,https://web.archive.org/web/20220629195436/https://rrchnm.org/essay/brave-new-world-or-blind-alley-american-history-on-the-world-wide-web/#ref28,working
Brave New World or Blind Alley? American History on the World Wide Web,https://rrchnm.org/essays/brave-new-world-or-blind-alley-american-history-on-the-world-wide-web/,https://web.archive.org/web/20220629195436/http://homepage.seas.upenn.edu/~museum/,working
Brave New World or Blind Alley? American History on the World Wide Web,https://rrchnm.org/essays/brave-new-world-or-blind-alley-american-history-on-the-world-wide-web/,https://web.archive.org/web/20220629195436/http://%20www.si.edu/resource/tours/comphist/eckert.htm,status code: 404
Brave New World or Blind Alley? American History on the World Wide Web,https://rrchnm.org/essays/brave-new-world-or-blind-alley-american-history-on-the-world-wide-web/,https://web.archive.org/web/20220629195436/https://rrchnm.org/essay/brave-new-world-or-blind-alley-american-history-on-the-world-wide-web/#ref29,working
Brave New World or Blind Alley? American History on the World Wide Web,https://rrchnm.org/essays/brave-new-world-or-blind-alley-american-history-on-the-world-wide-web/,https://web.archive.org/web/20220629195436/http://www.nmaa.si.edu/metlives/ashcan.html,working
Brave New World or Blind Alley? American History on the World Wide Web,https://rrchnm.org/essays/brave-new-world-or-blind-alley-american-history-on-the-world-wide-web/,https://web.archive.org/web/20220629195436/http://www.mcny.org/,working
Brave New World or Blind Alley? American History on the World Wide Web,https://rrchnm.org/essays/brave-new-world-or-blind-alley-american-history-on-the-world-wide-web/,https://web.archive.org/web/20220629195436/http://www.sfmuseum.org/,working
Brave New World or Blind Alley? American History on the World Wide Web,https://rrchnm.org/essays/brave-new-world-or-blind-alley-american-history-on-the-world-wide-web/,https://web.archive.org/web/20220629195436/http://www.ucmp.berkeley.edu/subway/art.html,working
Brave New World or Blind Alley? American History on the World Wide Web,https://rrchnm.org/essays/brave-new-world-or-blind-alley-american-history-on-the-world-wide-web/,https://web.archive.org/web/20220629195436/https://rrchnm.org/essay/brave-new-world-or-blind-alley-american-history-on-the-world-wide-web/#ref30,working
Brave New World or Blind Alley? American History on the World Wide Web,https://rrchnm.org/essays/brave-new-world-or-blind-alley-american-history-on-the-world-wide-web/,https://web.archive.org/web/20220629195436/http://www.sscf.ucsb.edu/anth/projects/great.kiva/index.html,status code: 404
Brave New World or Blind Alley? American History on the World Wide Web,https://rrchnm.org/essays/brave-new-world-or-blind-alley-american-history-on-the-world-wide-web/,https://web.archive.org/web/20220629195436/https://rrchnm.org/essay/brave-new-world-or-blind-alley-american-history-on-the-world-wide-web/#ref31,working
Brave New World or Blind Alley? American History on the World Wide Web,https://rrchnm.org/essays/brave-new-world-or-blind-alley-american-history-on-the-world-wide-web/,https://web.archive.org/web/20220629195436/http://www.thehistorynet.com/,working
Brave New World or Blind Alley? American History on the World Wide Web,https://rrchnm.org/essays/brave-new-world-or-blind-alley-american-history-on-the-world-wide-web/,https://web.archive.org/web/20220629195436/https://rrchnm.org/essay/brave-new-world-or-blind-alley-american-history-on-the-world-wide-web/#ref32,working
Brave New World or Blind Alley? American History on the World Wide Web,https://rrchnm.org/essays/brave-new-world-or-blind-alley-american-history-on-the-world-wide-web/,https://web.archive.org/web/20220629195436/https://rrchnm.org/essay/brave-new-world-or-blind-alley-american-history-on-the-world-wide-web/#ref33,working
Brave New World or Blind Alley? American History on the World Wide Web,https://rrchnm.org/essays/brave-new-world-or-blind-alley-american-history-on-the-world-wide-web/,https://web.archive.org/web/20220629195436/http://www.discovery.com/,working
Brave New World or Blind Alley? American History on the World Wide Web,https://rrchnm.org/essays/brave-new-world-or-blind-alley-american-history-on-the-world-wide-web/,https://web.archive.org/web/20220629195436/http://www.discovery.com/doc/1012/world/history/2pirates/2pirates.html,working
Brave New World or Blind Alley? American History on the World Wide Web,https://rrchnm.org/essays/brave-new-world-or-blind-alley-american-history-on-the-world-wide-web/,https://web.archive.org/web/20220629195436/http://www.colonialhist.inter.net/Welcome.html,working
Brave New World or Blind Alley? American History on the World Wide Web,https://rrchnm.org/essays/brave-new-world-or-blind-alley-american-history-on-the-world-wide-web/,https://web.archive.org/web/20220629195436/http://www.discovery.com/doc/1012/world/obscurity/obscurity042296/obscurity1.htl,status code: 404
Brave New World or Blind Alley? American History on the World Wide Web,https://rrchnm.org/essays/brave-new-world-or-blind-alley-american-history-on-the-world-wide-web/,https://web.archive.org/web/20220629195436/https://rrchnm.org/essay/brave-new-world-or-blind-alley-american-history-on-the-world-wide-web/#ref34,working
Brave New World or Blind Alley? American History on the World Wide Web,https://rrchnm.org/essays/brave-new-world-or-blind-alley-american-history-on-the-world-wide-web/,https://web.archive.org/web/20220629195436/http://www.discovery.com/DCO/doc/1012/world/history/dustbowl/dustbowlopener.htm,status code: 404
Brave New World or Blind Alley? American History on the World Wide Web,https://rrchnm.org/essays/brave-new-world-or-blind-alley-american-history-on-the-world-wide-web/,https://web.archive.org/web/20220629195436/http://chnm.gmu.edu/hist409/dust.html,status code: 404
Brave New World or Blind Alley? American History on the World Wide Web,https://rrchnm.org/essays/brave-new-world-or-blind-alley-american-history-on-the-world-wide-web/,https://web.archive.org/web/20220629195436/https://rrchnm.org/essay/brave-new-world-or-blind-alley-american-history-on-the-world-wide-web/#ref35,working
Brave New World or Blind Alley? American History on the World Wide Web,https://rrchnm.org/essays/brave-new-world-or-blind-alley-american-history-on-the-world-wide-web/,https://web.archive.org/web/20220629195436/http://www.historychannel.com/,working
Brave New World or Blind Alley? American History on the World Wide Web,https://rrchnm.org/essays/brave-new-world-or-blind-alley-american-history-on-the-world-wide-web/,https://web.archive.org/web/20220629195436/https://rrchnm.org/essay/brave-new-world-or-blind-alley-american-history-on-the-world-wide-web/#ref36,working
Brave New World or Blind Alley? American History on the World Wide Web,https://rrchnm.org/essays/brave-new-world-or-blind-alley-american-history-on-the-world-wide-web/,https://web.archive.org/web/20220629195436/http://www.pandorasbox.com/littlenemo.html,status code: 404
Brave New World or Blind Alley? American History on the World Wide Web,https://rrchnm.org/essays/brave-new-world-or-blind-alley-american-history-on-the-world-wide-web/,https://web.archive.org/web/20220629195436/https://rrchnm.org/essay/brave-new-world-or-blind-alley-american-history-on-the-world-wide-web/#ref37,working
Brave New World or Blind Alley? American History on the World Wide Web,https://rrchnm.org/essays/brave-new-world-or-blind-alley-american-history-on-the-world-wide-web/,https://web.archive.org/web/20220629195436/http://www.fit.edu/InfoTechSys/resources/cogsei/whjte.html,status code: 404
Brave New World or Blind Alley? American History on the World Wide Web,https://rrchnm.org/essays/brave-new-world-or-blind-alley-american-history-on-the-world-wide-web/,https://web.archive.org/web/20220629195436/http://www.ex.ac.uk/~RDavies/arian/money.html,working
Brave New World or Blind Alley? American History on the World Wide Web,https://rrchnm.org/essays/brave-new-world-or-blind-alley-american-history-on-the-world-wide-web/,https://web.archive.org/web/20220629195436/http://www.uelectric.com/houdini/contents.html,working
Brave New World or Blind Alley? American History on the World Wide Web,https://rrchnm.org/essays/brave-new-world-or-blind-alley-american-history-on-the-world-wide-web/,https://web.archive.org/web/20220629195436/https://rrchnm.org/essay/brave-new-world-or-blind-alley-american-history-on-the-world-wide-web/#ref38,working
Brave New World or Blind Alley? American History on the World Wide Web,https://rrchnm.org/essays/brave-new-world-or-blind-alley-american-history-on-the-world-wide-web/,https://web.archive.org/web/20220629195436/http://www.geocities.com/Athens/8420/main.html,working
Brave New World or Blind Alley? American History on the World Wide Web,https://rrchnm.org/essays/brave-new-world-or-blind-alley-american-history-on-the-world-wide-web/,https://web.archive.org/web/20220629195436/http://www.kent.wednet.edu/KSD/SJ/Nikkei/Nikkei_homePage.html,status code: 404
Brave New World or Blind Alley? American History on the World Wide Web,https://rrchnm.org/essays/brave-new-world-or-blind-alley-american-history-on-the-world-wide-web/,https://web.archive.org/web/20220629195436/http://www.scu.edu/SCU/Programs/Diversity/exhibit1.html,status code: 404
Brave New World or Blind Alley? American History on the World Wide Web,https://rrchnm.org/essays/brave-new-world-or-blind-alley-american-history-on-the-world-wide-web/,https://web.archive.org/web/20220629195436/http://www.mvhs.srvusd.k12.ca.us/~mleck/man/,status code: 404
Brave New World or Blind Alley? American History on the World Wide Web,https://rrchnm.org/essays/brave-new-world-or-blind-alley-american-history-on-the-world-wide-web/,https://web.archive.org/web/20220629195436/http://dizzy.library.arizona.edu/images/jpamer/wraintro.html,status code: 404
Brave New World or Blind Alley? American History on the World Wide Web,https://rrchnm.org/essays/brave-new-world-or-blind-alley-american-history-on-the-world-wide-web/,https://web.archive.org/web/20220629195436/http://artmuseum.arizona.edu/mfa/artists/scott/post/post.html,status code: 404
Brave New World or Blind Alley? American History on the World Wide Web,https://rrchnm.org/essays/brave-new-world-or-blind-alley-american-history-on-the-world-wide-web/,https://web.archive.org/web/20220629195436/https://rrchnm.org/essay/brave-new-world-or-blind-alley-american-history-on-the-world-wide-web/#ref39,working
"‘So, What’s Next for Clio?’ CD-ROM and Historians",https://rrchnm.org/essays/so-whats-next-for-clio-cd-rom-and-historians/,https://web.archive.org/web/20220528104945/https://rrchnm.org/essay/so-whats-next-for-clio-cd-rom-and-historians/#_edn1,working
"‘So, What’s Next for Clio?’ CD-ROM and Historians",https://rrchnm.org/essays/so-whats-next-for-clio-cd-rom-and-historians/,https://web.archive.org/web/20220528104945/https://rrchnm.org/essay/so-whats-next-for-clio-cd-rom-and-historians/#_edn2,working
"‘So, What’s Next for Clio?’ CD-ROM and Historians",https://rrchnm.org/essays/so-whats-next-for-clio-cd-rom-and-historians/,https://web.archive.org/web/20220528104945/https://rrchnm.org/essay/so-whats-next-for-clio-cd-rom-and-historians/#_edn3,working
"‘So, What’s Next for Clio?’ CD-ROM and Historians",https://rrchnm.org/essays/so-whats-next-for-clio-cd-rom-and-historians/,https://web.archive.org/web/20220528104945/https://rrchnm.org/essay/so-whats-next-for-clio-cd-rom-and-historians/#_edn4,working
"‘So, What’s Next for Clio?’ CD-ROM and Historians",https://rrchnm.org/essays/so-whats-next-for-clio-cd-rom-and-historians/,https://web.archive.org/web/20220528104945/https://rrchnm.org/essay/so-whats-next-for-clio-cd-rom-and-historians/#_edn5,working
"‘So, What’s Next for Clio?’ CD-ROM and Historians",https://rrchnm.org/essays/so-whats-next-for-clio-cd-rom-and-historians/,https://web.archive.org/web/20220528104945/https://rrchnm.org/essay/so-whats-next-for-clio-cd-rom-and-historians/#_edn6,working
"‘So, What’s Next for Clio?’ CD-ROM and Historians",https://rrchnm.org/essays/so-whats-next-for-clio-cd-rom-and-historians/,https://web.archive.org/web/20220528104945/https://rrchnm.org/essay/so-whats-next-for-clio-cd-rom-and-historians/#_edn7,working
"‘So, What’s Next for Clio?’ CD-ROM and Historians",https://rrchnm.org/essays/so-whats-next-for-clio-cd-rom-and-historians/,https://web.archive.org/web/20220528104945/https://rrchnm.org/essay/so-whats-next-for-clio-cd-rom-and-historians/#_edn8,working
"‘So, What’s Next for Clio?’ CD-ROM and Historians",https://rrchnm.org/essays/so-whats-next-for-clio-cd-rom-and-historians/,https://web.archive.org/web/20220528104945/https://rrchnm.org/essay/so-whats-next-for-clio-cd-rom-and-historians/#_edn9,working
"‘So, What’s Next for Clio?’ CD-ROM and Historians",https://rrchnm.org/essays/so-whats-next-for-clio-cd-rom-and-historians/,https://web.archive.org/web/20220528104945/https://rrchnm.org/essay/so-whats-next-for-clio-cd-rom-and-historians/#_edn10,working
"‘So, What’s Next for Clio?’ CD-ROM and Historians",https://rrchnm.org/essays/so-whats-next-for-clio-cd-rom-and-historians/,https://web.archive.org/web/20220528104945/https://rrchnm.org/essay/so-whats-next-for-clio-cd-rom-and-historians/#_edn11,working
"‘So, What’s Next for Clio?’ CD-ROM and Historians",https://rrchnm.org/essays/so-whats-next-for-clio-cd-rom-and-historians/,https://web.archive.org/web/20220528104945/https://rrchnm.org/essay/so-whats-next-for-clio-cd-rom-and-historians/#_edn12,working
"‘So, What’s Next for Clio?’ CD-ROM and Historians",https://rrchnm.org/essays/so-whats-next-for-clio-cd-rom-and-historians/,https://web.archive.org/web/20220528104945/https://rrchnm.org/essay/so-whats-next-for-clio-cd-rom-and-historians/#_edn13,working
"‘So, What’s Next for Clio?’ CD-ROM and Historians",https://rrchnm.org/essays/so-whats-next-for-clio-cd-rom-and-historians/,https://web.archive.org/web/20220528104945/https://rrchnm.org/essay/so-whats-next-for-clio-cd-rom-and-historians/#_edn14,working
"‘So, What’s Next for Clio?’ CD-ROM and Historians",https://rrchnm.org/essays/so-whats-next-for-clio-cd-rom-and-historians/,https://web.archive.org/web/20220528104945/https://rrchnm.org/essay/so-whats-next-for-clio-cd-rom-and-historians/#_edn15,working
"‘So, What’s Next for Clio?’ CD-ROM and Historians",https://rrchnm.org/essays/so-whats-next-for-clio-cd-rom-and-historians/,https://web.archive.org/web/20220528104945/https://rrchnm.org/essay/so-whats-next-for-clio-cd-rom-and-historians/#_edn16,working
"‘So, What’s Next for Clio?’ CD-ROM and Historians",https://rrchnm.org/essays/so-whats-next-for-clio-cd-rom-and-historians/,https://web.archive.org/web/20220528104945/https://rrchnm.org/essay/so-whats-next-for-clio-cd-rom-and-historians/#_edn17,working
"‘So, What’s Next for Clio?’ CD-ROM and Historians",https://rrchnm.org/essays/so-whats-next-for-clio-cd-rom-and-historians/,https://web.archive.org/web/20220528104945/https://rrchnm.org/essay/so-whats-next-for-clio-cd-rom-and-historians/#_edn18,working
"‘So, What’s Next for Clio?’ CD-ROM and Historians",https://rrchnm.org/essays/so-whats-next-for-clio-cd-rom-and-historians/,https://web.archive.org/web/20220528104945/https://rrchnm.org/essay/so-whats-next-for-clio-cd-rom-and-historians/#_edn19,working
"‘So, What’s Next for Clio?’ CD-ROM and Historians",https://rrchnm.org/essays/so-whats-next-for-clio-cd-rom-and-historians/,https://web.archive.org/web/20220528104945/https://rrchnm.org/essay/so-whats-next-for-clio-cd-rom-and-historians/#_edn20,working
"‘So, What’s Next for Clio?’ CD-ROM and Historians",https://rrchnm.org/essays/so-whats-next-for-clio-cd-rom-and-historians/,https://web.archive.org/web/20220528104945/https://rrchnm.org/essay/so-whats-next-for-clio-cd-rom-and-historians/#_edn21,working
"‘So, What’s Next for Clio?’ CD-ROM and Historians",https://rrchnm.org/essays/so-whats-next-for-clio-cd-rom-and-historians/,https://web.archive.org/web/20220528104945/https://rrchnm.org/essay/so-whats-next-for-clio-cd-rom-and-historians/#_edn22,working
"‘So, What’s Next for Clio?’ CD-ROM and Historians",https://rrchnm.org/essays/so-whats-next-for-clio-cd-rom-and-historians/,https://web.archive.org/web/20220528104945/https://rrchnm.org/essay/so-whats-next-for-clio-cd-rom-and-historians/#_edn23,working
"‘So, What’s Next for Clio?’ CD-ROM and Historians",https://rrchnm.org/essays/so-whats-next-for-clio-cd-rom-and-historians/,https://web.archive.org/web/20220528104945/https://rrchnm.org/essay/so-whats-next-for-clio-cd-rom-and-historians/#_edn24,working
"‘So, What’s Next for Clio?’ CD-ROM and Historians",https://rrchnm.org/essays/so-whats-next-for-clio-cd-rom-and-historians/,https://web.archive.org/web/20220528104945/https://rrchnm.org/essay/so-whats-next-for-clio-cd-rom-and-historians/#_edn25,working
"‘So, What’s Next for Clio?’ CD-ROM and Historians",https://rrchnm.org/essays/so-whats-next-for-clio-cd-rom-and-historians/,https://web.archive.org/web/20220528104945/https://rrchnm.org/essay/so-whats-next-for-clio-cd-rom-and-historians/#_edn26,working
"‘So, What’s Next for Clio?’ CD-ROM and Historians",https://rrchnm.org/essays/so-whats-next-for-clio-cd-rom-and-historians/,https://web.archive.org/web/20220528104945/https://rrchnm.org/essay/so-whats-next-for-clio-cd-rom-and-historians/#_edn27,working
"‘So, What’s Next for Clio?’ CD-ROM and Historians",https://rrchnm.org/essays/so-whats-next-for-clio-cd-rom-and-historians/,https://web.archive.org/web/20220528104945/https://rrchnm.org/essay/so-whats-next-for-clio-cd-rom-and-historians/#_edn28,working
"‘So, What’s Next for Clio?’ CD-ROM and Historians",https://rrchnm.org/essays/so-whats-next-for-clio-cd-rom-and-historians/,https://web.archive.org/web/20220528104945/https://rrchnm.org/essay/so-whats-next-for-clio-cd-rom-and-historians/#_edn29,working
"‘So, What’s Next for Clio?’ CD-ROM and Historians",https://rrchnm.org/essays/so-whats-next-for-clio-cd-rom-and-historians/,https://web.archive.org/web/20220528104945/https://rrchnm.org/essay/so-whats-next-for-clio-cd-rom-and-historians/#_edn30,working
"‘So, What’s Next for Clio?’ CD-ROM and Historians",https://rrchnm.org/essays/so-whats-next-for-clio-cd-rom-and-historians/,https://web.archive.org/web/20220528104945/https://rrchnm.org/essay/so-whats-next-for-clio-cd-rom-and-historians/#_edn31,working
"‘So, What’s Next for Clio?’ CD-ROM and Historians",https://rrchnm.org/essays/so-whats-next-for-clio-cd-rom-and-historians/,https://web.archive.org/web/20220528104945/https://rrchnm.org/essay/so-whats-next-for-clio-cd-rom-and-historians/#_edn32,working
"‘So, What’s Next for Clio?’ CD-ROM and Historians",https://rrchnm.org/essays/so-whats-next-for-clio-cd-rom-and-historians/,https://web.archive.org/web/20220528104945/https://rrchnm.org/essay/so-whats-next-for-clio-cd-rom-and-historians/#_edn33,working
"‘So, What’s Next for Clio?’ CD-ROM and Historians",https://rrchnm.org/essays/so-whats-next-for-clio-cd-rom-and-historians/,https://web.archive.org/web/20220528104945/https://rrchnm.org/essay/so-whats-next-for-clio-cd-rom-and-historians/#_edn34,working
"‘So, What’s Next for Clio?’ CD-ROM and Historians",https://rrchnm.org/essays/so-whats-next-for-clio-cd-rom-and-historians/,https://web.archive.org/web/20220528104945/https://rrchnm.org/essay/so-whats-next-for-clio-cd-rom-and-historians/#_edn35,working
"‘So, What’s Next for Clio?’ CD-ROM and Historians",https://rrchnm.org/essays/so-whats-next-for-clio-cd-rom-and-historians/,https://web.archive.org/web/20220528104945/https://rrchnm.org/essay/so-whats-next-for-clio-cd-rom-and-historians/#_edn36,working
"‘So, What’s Next for Clio?’ CD-ROM and Historians",https://rrchnm.org/essays/so-whats-next-for-clio-cd-rom-and-historians/,https://web.archive.org/web/20220528104945/https://rrchnm.org/essay/so-whats-next-for-clio-cd-rom-and-historians/#_edn37,working
"‘So, What’s Next for Clio?’ CD-ROM and Historians",https://rrchnm.org/essays/so-whats-next-for-clio-cd-rom-and-historians/,https://web.archive.org/web/20220528104945/https://rrchnm.org/essay/so-whats-next-for-clio-cd-rom-and-historians/#_edn38,working
"‘So, What’s Next for Clio?’ CD-ROM and Historians",https://rrchnm.org/essays/so-whats-next-for-clio-cd-rom-and-historians/,https://web.archive.org/web/20220528104945/https://rrchnm.org/essay/so-whats-next-for-clio-cd-rom-and-historians/#_edn39,working
"‘So, What’s Next for Clio?’ CD-ROM and Historians",https://rrchnm.org/essays/so-whats-next-for-clio-cd-rom-and-historians/,https://web.archive.org/web/20220528104945/https://rrchnm.org/essay/so-whats-next-for-clio-cd-rom-and-historians/#_edn40,working
"‘So, What’s Next for Clio?’ CD-ROM and Historians",https://rrchnm.org/essays/so-whats-next-for-clio-cd-rom-and-historians/,https://web.archive.org/web/20220528104945/https://rrchnm.org/essay/so-whats-next-for-clio-cd-rom-and-historians/#_edn41,working
"‘So, What’s Next for Clio?’ CD-ROM and Historians",https://rrchnm.org/essays/so-whats-next-for-clio-cd-rom-and-historians/,https://web.archive.org/web/20220528104945/https://rrchnm.org/essay/so-whats-next-for-clio-cd-rom-and-historians/#_edn42,working
"‘So, What’s Next for Clio?’ CD-ROM and Historians",https://rrchnm.org/essays/so-whats-next-for-clio-cd-rom-and-historians/,https://web.archive.org/web/20220528104945/https://rrchnm.org/essay/so-whats-next-for-clio-cd-rom-and-historians/#_ednref1,working
"‘So, What’s Next for Clio?’ CD-ROM and Historians",https://rrchnm.org/essays/so-whats-next-for-clio-cd-rom-and-historians/,https://web.archive.org/web/20220528104945/https://rrchnm.org/essay/so-whats-next-for-clio-cd-rom-and-historians/#_ednref2,working
"‘So, What’s Next for Clio?’ CD-ROM and Historians",https://rrchnm.org/essays/so-whats-next-for-clio-cd-rom-and-historians/,https://web.archive.org/web/20220528104945/https://rrchnm.org/essay/so-whats-next-for-clio-cd-rom-and-historians/#_ednref3,working
"‘So, What’s Next for Clio?’ CD-ROM and Historians",https://rrchnm.org/essays/so-whats-next-for-clio-cd-rom-and-historians/,https://web.archive.org/web/20220528104945/https://rrchnm.org/essay/so-whats-next-for-clio-cd-rom-and-historians/#_ednref4,working
"‘So, What’s Next for Clio?’ CD-ROM and Historians",https://rrchnm.org/essays/so-whats-next-for-clio-cd-rom-and-historians/,https://web.archive.org/web/20220528104945/https://rrchnm.org/essay/so-whats-next-for-clio-cd-rom-and-historians/#_ednref5,working
"‘So, What’s Next for Clio?’ CD-ROM and Historians",https://rrchnm.org/essays/so-whats-next-for-clio-cd-rom-and-historians/,https://web.archive.org/web/20220528104945/https://rrchnm.org/essay/so-whats-next-for-clio-cd-rom-and-historians/#_ednref6,working
"‘So, What’s Next for Clio?’ CD-ROM and Historians",https://rrchnm.org/essays/so-whats-next-for-clio-cd-rom-and-historians/,https://web.archive.org/web/20220528104945/https://rrchnm.org/essay/so-whats-next-for-clio-cd-rom-and-historians/#_ednref7,working
"‘So, What’s Next for Clio?’ CD-ROM and Historians",https://rrchnm.org/essays/so-whats-next-for-clio-cd-rom-and-historians/,https://web.archive.org/web/20220528104945/https://rrchnm.org/essay/so-whats-next-for-clio-cd-rom-and-historians/#_ednref8,working
"‘So, What’s Next for Clio?’ CD-ROM and Historians",https://rrchnm.org/essays/so-whats-next-for-clio-cd-rom-and-historians/,https://web.archive.org/web/20220528104945/https://rrchnm.org/essay/so-whats-next-for-clio-cd-rom-and-historians/#_ednref9,working
"‘So, What’s Next for Clio?’ CD-ROM and Historians",https://rrchnm.org/essays/so-whats-next-for-clio-cd-rom-and-historians/,https://web.archive.org/web/20220528104945/https://rrchnm.org/essay/so-whats-next-for-clio-cd-rom-and-historians/#_ednref10,working
"‘So, What’s Next for Clio?’ CD-ROM and Historians",https://rrchnm.org/essays/so-whats-next-for-clio-cd-rom-and-historians/,https://web.archive.org/web/20220528104945/https://rrchnm.org/essay/so-whats-next-for-clio-cd-rom-and-historians/#_ednref11,working
"‘So, What’s Next for Clio?’ CD-ROM and Historians",https://rrchnm.org/essays/so-whats-next-for-clio-cd-rom-and-historians/,https://web.archive.org/web/20220528104945/https://rrchnm.org/essay/so-whats-next-for-clio-cd-rom-and-historians/#_ednref12,working
"‘So, What’s Next for Clio?’ CD-ROM and Historians",https://rrchnm.org/essays/so-whats-next-for-clio-cd-rom-and-historians/,https://web.archive.org/web/20220528104945/https://rrchnm.org/essay/so-whats-next-for-clio-cd-rom-and-historians/#_ednref13,working
"‘So, What’s Next for Clio?’ CD-ROM and Historians",https://rrchnm.org/essays/so-whats-next-for-clio-cd-rom-and-historians/,https://web.archive.org/web/20220528104945/https://rrchnm.org/essay/so-whats-next-for-clio-cd-rom-and-historians/#_ednref14,working
"‘So, What’s Next for Clio?’ CD-ROM and Historians",https://rrchnm.org/essays/so-whats-next-for-clio-cd-rom-and-historians/,https://web.archive.org/web/20220528104945/https://rrchnm.org/essay/so-whats-next-for-clio-cd-rom-and-historians/#_ednref15,working
"‘So, What’s Next for Clio?’ CD-ROM and Historians",https://rrchnm.org/essays/so-whats-next-for-clio-cd-rom-and-historians/,https://web.archive.org/web/20220528104945/https://rrchnm.org/essay/so-whats-next-for-clio-cd-rom-and-historians/#_ednref16,working
"‘So, What’s Next for Clio?’ CD-ROM and Historians",https://rrchnm.org/essays/so-whats-next-for-clio-cd-rom-and-historians/,https://web.archive.org/web/20220528104945/https://rrchnm.org/essay/so-whats-next-for-clio-cd-rom-and-historians/#_ednref17,working
"‘So, What’s Next for Clio?’ CD-ROM and Historians",https://rrchnm.org/essays/so-whats-next-for-clio-cd-rom-and-historians/,https://web.archive.org/web/20220528104945/https://rrchnm.org/essay/so-whats-next-for-clio-cd-rom-and-historians/#_ednref18,working
"‘So, What’s Next for Clio?’ CD-ROM and Historians",https://rrchnm.org/essays/so-whats-next-for-clio-cd-rom-and-historians/,https://web.archive.org/web/20220528104945/https://rrchnm.org/essay/so-whats-next-for-clio-cd-rom-and-historians/#_ednref19,working
"‘So, What’s Next for Clio?’ CD-ROM and Historians",https://rrchnm.org/essays/so-whats-next-for-clio-cd-rom-and-historians/,https://web.archive.org/web/20220528104945/https://rrchnm.org/essay/so-whats-next-for-clio-cd-rom-and-historians/#_ednref20,working
"‘So, What’s Next for Clio?’ CD-ROM and Historians",https://rrchnm.org/essays/so-whats-next-for-clio-cd-rom-and-historians/,https://web.archive.org/web/20220528104945/https://rrchnm.org/essay/so-whats-next-for-clio-cd-rom-and-historians/#_ednref21,working
"‘So, What’s Next for Clio?’ CD-ROM and Historians",https://rrchnm.org/essays/so-whats-next-for-clio-cd-rom-and-historians/,https://web.archive.org/web/20220528104945/https://rrchnm.org/essay/so-whats-next-for-clio-cd-rom-and-historians/#_ednref22,working
"‘So, What’s Next for Clio?’ CD-ROM and Historians",https://rrchnm.org/essays/so-whats-next-for-clio-cd-rom-and-historians/,https://web.archive.org/web/20220528104945/https://rrchnm.org/essay/so-whats-next-for-clio-cd-rom-and-historians/#_ednref23,working
"‘So, What’s Next for Clio?’ CD-ROM and Historians",https://rrchnm.org/essays/so-whats-next-for-clio-cd-rom-and-historians/,https://web.archive.org/web/20220528104945/https://rrchnm.org/essay/so-whats-next-for-clio-cd-rom-and-historians/#_ednref24,working
"‘So, What’s Next for Clio?’ CD-ROM and Historians",https://rrchnm.org/essays/so-whats-next-for-clio-cd-rom-and-historians/,https://web.archive.org/web/20220528104945/https://rrchnm.org/essay/so-whats-next-for-clio-cd-rom-and-historians/#_ednref25,working
"‘So, What’s Next for Clio?’ CD-ROM and Historians",https://rrchnm.org/essays/so-whats-next-for-clio-cd-rom-and-historians/,https://web.archive.org/web/20220528104945/https://rrchnm.org/essay/so-whats-next-for-clio-cd-rom-and-historians/#_ednref26,working
"‘So, What’s Next for Clio?’ CD-ROM and Historians",https://rrchnm.org/essays/so-whats-next-for-clio-cd-rom-and-historians/,https://web.archive.org/web/20220528104945/https://rrchnm.org/essay/so-whats-next-for-clio-cd-rom-and-historians/#_ednref27,working
"‘So, What’s Next for Clio?’ CD-ROM and Historians",https://rrchnm.org/essays/so-whats-next-for-clio-cd-rom-and-historians/,https://web.archive.org/web/20220528104945/https://rrchnm.org/essay/so-whats-next-for-clio-cd-rom-and-historians/#_ednref28,working
"‘So, What’s Next for Clio?’ CD-ROM and Historians",https://rrchnm.org/essays/so-whats-next-for-clio-cd-rom-and-historians/,https://web.archive.org/web/20220528104945/https://rrchnm.org/essay/so-whats-next-for-clio-cd-rom-and-historians/#_ednref29,working
"‘So, What’s Next for Clio?’ CD-ROM and Historians",https://rrchnm.org/essays/so-whats-next-for-clio-cd-rom-and-historians/,https://web.archive.org/web/20220528104945/https://rrchnm.org/essay/so-whats-next-for-clio-cd-rom-and-historians/#_ednref30,working
"‘So, What’s Next for Clio?’ CD-ROM and Historians",https://rrchnm.org/essays/so-whats-next-for-clio-cd-rom-and-historians/,https://web.archive.org/web/20220528104945/https://rrchnm.org/essay/so-whats-next-for-clio-cd-rom-and-historians/#_ednref31,working
"‘So, What’s Next for Clio?’ CD-ROM and Historians",https://rrchnm.org/essays/so-whats-next-for-clio-cd-rom-and-historians/,https://web.archive.org/web/20220528104945/https://rrchnm.org/essay/so-whats-next-for-clio-cd-rom-and-historians/#_ednref32,working
"‘So, What’s Next for Clio?’ CD-ROM and Historians",https://rrchnm.org/essays/so-whats-next-for-clio-cd-rom-and-historians/,https://web.archive.org/web/20220528104945/https://rrchnm.org/essay/so-whats-next-for-clio-cd-rom-and-historians/#_ednref33,working
"‘So, What’s Next for Clio?’ CD-ROM and Historians",https://rrchnm.org/essays/so-whats-next-for-clio-cd-rom-and-historians/,https://web.archive.org/web/20220528104945/https://rrchnm.org/essay/so-whats-next-for-clio-cd-rom-and-historians/#_ednref34,working
"‘So, What’s Next for Clio?’ CD-ROM and Historians",https://rrchnm.org/essays/so-whats-next-for-clio-cd-rom-and-historians/,https://web.archive.org/web/20220528104945/https://rrchnm.org/essay/so-whats-next-for-clio-cd-rom-and-historians/#_ednref35,working
"‘So, What’s Next for Clio?’ CD-ROM and Historians",https://rrchnm.org/essays/so-whats-next-for-clio-cd-rom-and-historians/,https://web.archive.org/web/20220528104945/https://rrchnm.org/essay/so-whats-next-for-clio-cd-rom-and-historians/#_ednref36,working
"‘So, What’s Next for Clio?’ CD-ROM and Historians",https://rrchnm.org/essays/so-whats-next-for-clio-cd-rom-and-historians/,https://web.archive.org/web/20220528104945/https://rrchnm.org/essay/so-whats-next-for-clio-cd-rom-and-historians/#_ednref37,working
"‘So, What’s Next for Clio?’ CD-ROM and Historians",https://rrchnm.org/essays/so-whats-next-for-clio-cd-rom-and-historians/,https://web.archive.org/web/20220528104945/https://rrchnm.org/essay/so-whats-next-for-clio-cd-rom-and-historians/#_ednref38,working
"‘So, What’s Next for Clio?’ CD-ROM and Historians",https://rrchnm.org/essays/so-whats-next-for-clio-cd-rom-and-historians/,https://web.archive.org/web/20220528104945/https://rrchnm.org/essay/so-whats-next-for-clio-cd-rom-and-historians/#_ednref39,working
"‘So, What’s Next for Clio?’ CD-ROM and Historians",https://rrchnm.org/essays/so-whats-next-for-clio-cd-rom-and-historians/,https://web.archive.org/web/20220528104945/https://rrchnm.org/essay/so-whats-next-for-clio-cd-rom-and-historians/#_ednref40,working
"‘So, What’s Next for Clio?’ CD-ROM and Historians",https://rrchnm.org/essays/so-whats-next-for-clio-cd-rom-and-historians/,https://web.archive.org/web/20220528104945/https://rrchnm.org/essay/so-whats-next-for-clio-cd-rom-and-historians/#_ednref41,working
"‘So, What’s Next for Clio?’ CD-ROM and Historians",https://rrchnm.org/essays/so-whats-next-for-clio-cd-rom-and-historians/,https://web.archive.org/web/20220528104945/https://rrchnm.org/essay/so-whats-next-for-clio-cd-rom-and-historians/#_ednref42,working
